-3.031   -2.022
-0.017   -0.862
5.671   -0.914
-1.828   -0.057
5.812   -0.254
-5.379   0.119
-1.262   -1.387
3.783   0.085
-0.858   1.334
1.338   -0.721
-3.739   1.299
9.335   0.304
5.056   1.092
6.153   -0.81
8.641   0.077
-7.322   -1.371
-4.395   0.815
-1.562   0.558
-3.283   -1.255
-1.472   -0.984
-1.478   -0.744
-2.078   1.306
2.885   0.216
-0.164   2.095
4.622   -0.702
1.151   -0.764
0.703   -2.26
-2.374   2.055
-6.179   -0.933
-0.489   -0.724
-7.765   1.067
2.032   -0.318
-5.424   -0.877
1.008   0.702
-2.68   2.562
1.033   2.117
-6.807   -1.236
0.779   -3.508
-1.604   -1.837
-4.725   -0.577
-0.628   0.817
-11.878   -0.692
-1.076   0.652
-1.971   -1.275
-4.382   -0.845
6.347   -0.322
-5.758   -2.304
-5.708   -0.673
7.729   0.193
-0.762   -2.147
-10.773   -0.667
0.524   0.484
1.563   -1.833
-6.933   -0.834
2.152   -1.575
4.673   -0.722
3.863   -0.689
-6.734   -3.141
-4.974   -0.923
-3.619   -0.641
1.337   -1.672
-3.582   -1.877
2.527   2.198
2.898   1.483
-1.2   -0.92
-3.213   -2.036
-8.312   -0.647
-2.148   -1.6
4.019   -2.627
-1.092   2.271
0.609   2.031
-9.869   -1.699
1.094   0.908
-5.593   -2.331
-12.218   0.386
-7.548   0.87
3.462   -0.846
-1.649   -1.617
-4.358   1.383
2.724   -0.676
7.807   0.385
1.28   0.701
-2.366   0.532
-6.129   0.21
-1.425   0.692
1.382   -0.835
5.792   -0.842
-2.414   0.945
-1.544   -2.189
-8.289   0.944
-5.195   -1.029
-1.057   1.395
2.959   -0.61
0.781   -0.558
4.58   -1.437
-2.289   1.376
2.932   0.591
-2.892   -0.09
10.103   -0.715
0.369   -0.631
-9.164   1.244
11.837   -0.941
10.119   -0.698
-3.03   -0.867
0.471   -0.229
-0.816   0.764
0.263   -0.726
-9.167   -0.549
-4.3   -1.145
4.485   1.552
2.647   -0.284
1.742   2.122
-12.712   -0.999
6.942   -0.645
-8.874   -1.622
-2.495   1.368
4.85   0.354
1.395   -1.253
-8.705   -1.106
1.13   -0.924
-5.951   0.558
0.287   -1.705
-4.294   1.587
3.52   1.004
-1.423   2.84
-6.976   -0.626
0.332   -0.766
3.965   -0.653
10.065   1.006
-4.032   1.716
2.269   -0.652
-1.331   -0.028
7.882   -1.877
2.545   -0.676
-6.876   -1.044
7.566   -0.813
2.309   0.653
2.238   -1.709
2.433   2.418
-4.742   -1.09
-2.839   0.128
3.182   -0.61
-8.094   2.362
-2.384   -0.847
0.18   0.958
3.779   -0.73
3.13   -0.317
2.613   1.012
-2.358   -0.807
7.951   -0.042
0.321   1.78
4.702   1.293
-8.1   -0.106
2.684   -1.326
0.618   0.428
0.894   1.269
3.133   0.677
-4.288   -0.064
3.814   0.302
-1.032   -0.21
0.52   0.028
-10.543   -0.559
-3.853   -1.033
1.237   0.336
-1.101   0.707
7.911   2.919
1.858   2.287
10.446   -3.146
2.237   -0.856
-1.617   0.567
-0.905   -1.093
-1.347   -0.702
0.487   0.668
-0.048   3.976
1.214   -4.657
-2.25   -0.928
-5.125   -0.158
2.162   1.289
0.815   -3.592
-5.424   0.279
3.516   -0.547
3.954   -0.407
-2.17   -0.26
0.769   -2.276
-3.754   -0.896
-0.611   0.533
0.376   2.376
2.66   -1.121
-3.513   0.446
0.588   -0.961
0.809   0.79
-0.403   -0.177
-3.57   0.011
2.88   -3.671
-12.291   -1.242
6.532   0.405
0.099   -1.08
6.116   -0.349
0.932   -1.043
3.867   -1.546
1.059   -1.36
-2.013   -0.66
0.99   -0.658
6.09   1.073
-2.27   0.308
-6.766   -4.793
5.696   0.96
-3.086   0.043
-10.524   -0.564
8.968   0.55
4.884   1.299
-5.032   -0.853
1.016   -1.967
-3.298   1.42
0.218   -1.5
-5.624   -1.836
-3.367   1.558
-7.357   1.464
-3.412   -1.461
3.172   0.892
-3.317   -1.662
-9.169   -0.797
-4.85   -0.698
-4.938   -0.642
3.277   -1.014
2.087   -1.158
-0.24   -0.881
-4.687   -1.174
-2.988   -0.501
-0.43   -1.298
-4.15   -0.009
-9.879   -2.424
1.871   -0.214
10.418   0.025
-5.375   0.423
-2.563   -0.39
10.702   -0.237
0.056   -0.777
-2.591   1.415
2.459   0.705
6.975   2.025
0.579   -0.263
-6.914   -0.998
6.637   -0.77
2.757   1.068
-10.14   0.73
5.976   0.665
3.984   -0.142
-5.875   0.255
-2.296   1.101
-3.55   -0.914
3.716   -1.554
9.444   0.038
-0.309   0.672
2.935   2.424
4.412   -1.082
