-1.296   0.982
1.43   0.314
0.944   0.855
5.558   1.489
1.845   -0.062
-1.135   1.895
1.645   1.707
1.134   1.073
-0.023   0.486
-0.463   1.656
2.63   -1.296
-1.336   -0.319
4.352   1.735
3.499   0.013
0.004   0.59
-2.427   0.773
-1.607   1.236
-5.624   -0.748
4.695   -1.212
0.941   0.389
-6.822   0.381
-1.556   0.508
-1.152   -0.652
1.981   -1.146
2.001   0.76
-2.972   0.301
2.843   -0.259
-1.381   0.969
-1.86   -0.585
3.466   -0.568
-6.724   -0.879
-0.976   -0.911
0.409   0.767
-6.414   0.388
3.223   0.86
1.819   0.038
2.45   0.836
-0.985   1.682
-1.277   1.284
1.718   0.495
0.159   -0.644
-1.434   2.028
-1.225   0.198
2.138   0.149
0.613   1.005
2.356   -0.015
9.647   -0.084
-1.029   0.14
-0.479   -0.751
4.179   0.526
-1.112   1.133
-0.283   0.304
-3.867   0.708
2.771   -0.712
2.691   0.845
0.279   1.443
0.751   0.396
1.566   0.747
2.084   1.692
0.89   -0.343
-0.173   0.492
3.025   0.764
2.281   0.239
-6.025   -0.658
-0.233   1.054
-2.624   0.049
-4.146   0.151
0.6   0.626
1.459   -0.021
-2.76   -0.414
3.112   -0.527
2.478   -0.489
0.794   -0.407
4.169   0.293
0.788   -1.064
-3.893   0.511
-1.116   1.334
-4.44   0.944
-0.615   0.288
1.464   0.199
-1.731   -0.046
3.511   -0.616
-6.124   -0.951
-1.453   1.245
0.625   2.453
4.374   1.061
2.036   -0.054
0.362   0.063
-2.108   1.121
-2.417   -0.797
0.694   -0.446
-4.802   0.206
-5.33   0.328
0.91   0.577
1.526   0.258
-0.033   0.351
3.736   0.748
-2.492   -0.716
-1.534   0.608
4.363   1.529
-0.52   0.519
0.861   0.514
-4.747   0.899
3.375   1.341
7.5   -0.579
-5.25   -0.192
-0.68   0.69
-4.351   -0.353
6.848   1.349
-2.727   1.2
4.932   1.096
4.739   -0.618
0.652   0.279
0.218   0.872
2.224   0.44
-3.12   -0.803
-4.446   0.881
-1.626   0.962
1.653   -0.019
-5.272   0.993
0.272   0.087
-3.607   -0.054
-0.618   0.371
5.014   2.164
-1.024   0.621
5.914   -0.015
0.552   0.277
2.585   1.612
-3.049   -0.882
1.025   0.117
-4.195   0.106
-5.909   0.238
-3.02   0.523
-2.095   2.128
-0.306   0.282
1.836   0.882
2.407   -0.753
3.269   0.004
3.831   1.058
-2.493   1.174
2.947   0.61
1.745   -0.63
-4.253   -0.455
1.996   -0.882
2.974   0.754
-1.154   -0.657
-0.701   2.57
0.67   0.3
-5.083   0.011
5.301   -0.771
2.692   -0.068
-0.24   -0.094
-4.523   1.346
0.851   0.336
0.654   1.504
-2.463   1.662
0.33   1.147
2.017   2.318
-5.617   -0.224
-0.179   0.762
-0.338   0.342
-5.677   0.209
-0.124   1.259
-2.242   -0.997
-4.865   0.295
5.932   0.138
3.17   -0.274
2.714   0.532
1.479   0.089
2.368   -0.587
-8.475   -0.04
-3.282   0.881
-1.497   0.501
-2.532   -0.215
-12.106   0.632
-2.055   -0.081
0.729   0.129
-1.849   0.609
1.751   -1.205
-4.358   -1.016
-1.034   0.831
1.44   0.29
1.232   0.546
-6.251   0.546
3.893   0.467
0.255   0.192
-1.5   -0.662
0.182   0.017
0.693   -0.572
-2.932   0.263
-3.637   -0.363
-2.608   -0.027
0.318   0.882
-7.036   0.119
-2.525   0.198
-4.094   2.029
1.511   0.043
-1.771   -0.172
2.735   -0.297
0.495   1.274
-1.519   0.558
-3.175   0.353
0.095   -0.468
0.001   0.794
2.069   -1.151
-0.379   0.76
-0.401   0.118
-1.674   0.587
-4.033   -0.005
-4.249   0.126
-1.772   0.672
-1.212   0.813
2.598   0.7
-1.545   0.522
0.553   -1.182
-7.014   -0.32
1.071   0.137
3.005   1.803
2.584   0.266
2.599   -0.699
3.925   0.687
1.644   0.607
2.165   -0.029
4.177   0.076
4.571   -0.656
0.579   -0.109
-1.851   0.737
-1.612   0.881
-2.0   -0.019
0.23   0.817
0.246   -0.299
4.577   -0.188
-4.092   0.379
-1.339   -0.008
-0.333   0.581
-7.048   -0.763
1.582   -0.529
-4.147   1.435
2.906   -2.303
1.071   0.725
1.3   -0.15
1.384   -0.712
-0.574   2.489
-2.557   1.252
-0.426   0.664
-0.056   -0.988
-2.041   0.497
-5.959   -0.089
-1.594   -1.049
0.121   0.178
-4.568   0.924
1.415   0.319
0.966   0.912
0.591   0.247
-1.747   0.686
-0.481   1.869
