0.7   0.907
0.238   0.418
0.429   0.186
0.101   0.35
0.538   0.281
0.639   0.381
-0.456   -0.628
0.722   0.832
0.226   0.308
-0.961   -0.668
0.049   -0.092
1.537   1.477
-0.778   -0.6
-0.669   -0.856
1.369   1.404
0.102   0.203
1.258   1.041
1.121   1.149
1.573   1.337
0.188   0.06
-0.172   0.056
-1.015   -0.922
-1.022   -1.262
-0.201   0.099
0.109   0.175
2.106   1.861
1.283   1.31
-0.109   0.116
-0.098   -0.165
-0.431   -0.235
0.16   0.318
0.53   1.123
-0.51   -0.544
-1.007   -1.022
-0.403   -0.697
0.28   0.607
-0.052   -0.453
0.127   0.543
0.843   1.107
0.266   0.292
0.07   -0.204
-0.188   -0.807
0.29   0.345
0.107   -0.039
-0.366   -0.679
-0.079   -0.251
0.823   0.898
0.913   0.636
-0.382   -0.033
0.675   0.666
-0.306   -0.128
1.53   1.062
0.928   1.278
0.31   0.742
1.276   1.15
1.914   1.852
-0.511   -0.517
0.239   -0.162
-0.398   -0.246
1.005   2.982
0.681   0.722
0.142   -0.018
-0.576   -0.49
0.082   0.197
0.407   0.04
0.437   0.443
1.417   1.674
1.021   0.664
-0.744   -0.463
-0.743   -0.576
0.151   0.197
0.938   1.042
-0.229   -0.75
1.115   1.382
0.379   0.93
0.162   -0.129
1.588   1.286
1.197   1.053
-0.519   -0.528
-0.192   -0.068
0.82   1.204
1.552   1.482
-0.514   -0.589
-0.145   -0.56
-0.133   -0.098
-0.025   -0.222
1.221   1.193
-1.111   -1.227
0.787   0.537
-0.992   -1.04
1.072   1.186
0.075   0.382
0.623   1.02
1.385   2.224
0.713   0.859
0.159   -0.217
-0.674   -0.782
-1.044   -0.69
-0.842   -0.865
0.912   0.966
-0.812   -0.461
0.413   -0.088
0.606   0.773
0.87   1.238
-0.508   -0.466
0.186   0.438
-0.394   -0.714
-0.279   -0.371
1.344   0.954
0.164   -0.152
2.353   2.613
0.796   0.995
-0.753   -0.223
0.948   0.482
0.74   0.643
-0.115   -0.096
0.289   0.122
1.772   1.598
0.375   0.479
1.776   1.665
0.288   0.104
0.271   0.487
0.881   1.179
1.343   1.509
0.306   0.472
0.424   0.405
0.5   0.179
1.364   1.295
-0.625   -0.599
0.242   -0.052
-0.469   -0.609
0.792   0.576
0.731   0.392
2.058   1.781
0.789   0.561
0.684   0.947
-0.51   -0.671
1.299   1.474
-0.781   -0.74
0.643   0.139
0.72   0.743
-0.569   -0.68
0.539   1.226
-0.652   -0.956
-0.765   -0.726
0.611   1.079
-0.845   -0.965
1.774   1.81
0.253   0.497
-0.967   -0.688
0.083   -0.306
-0.839   -0.435
-0.576   -0.55
0.612   0.54
-0.179   -0.129
-0.617   -0.843
0.869   0.5
1.819   1.838
-0.23   0.115
0.158   0.477
0.552   0.108
0.926   0.935
-0.65   -0.878
0.689   1.177
0.323   0.412
0.715   0.898
-0.034   -0.283
0.071   0.451
0.456   0.631
-0.262   -0.463
0.967   1.177
-0.276   -0.573
0.311   0.359
1.005   1.4
0.681   0.662
-0.954   -0.896
1.316   0.617
-0.168   -0.086
0.307   -0.015
0.037   0.275
-0.726   -0.994
0.211   0.51
0.634   0.811
0.905   0.73
-0.223   -0.451
0.666   0.444
-0.194   -0.42
-0.692   -0.598
0.774   0.472
-0.745   -0.783
1.023   0.932
-0.153   -0.365
1.146   1.34
0.221   -0.215
0.384   0.761
0.198   0.04
0.354   0.059
0.629   0.657
0.342   0.603
0.182   0.345
0.148   0.721
2.739   3.118
1.495   1.991
0.309   0.364
-0.74   -1.18
0.811   0.714
-0.383   -0.902
0.747   0.691
-0.449   -0.557
0.035   -0.147
1.119   1.28
-0.04   -0.476
-0.223   -0.239
-0.075   -0.289
2.039   1.669
-0.091   -0.57
-0.778   -0.853
0.508   1.02
0.181   0.309
0.708   1.231
0.901   0.973
1.088   1.036
0.074   0.508
0.632   0.731
0.35   0.086
0.243   0.101
-0.214   -0.049
1.185   1.065
1.78   1.378
0.38   0.346
-0.981   -1.058
0.319   0.297
-0.831   -0.947
0.139   -0.07
0.746   0.739
0.687   1.242
0.419   0.581
1.502   1.143
0.31   0.346
0.913   1.073
-0.359   -0.27
0.899   0.028
1.405   1.536
0.615   0.872
1.526   1.669
1.025   1.128
-0.103   0.061
0.338   0.559
1.26   1.607
0.482   0.582
0.733   0.898
0.928   0.95
1.377   1.43
-0.617   -0.743
-1.204   -1.446
0.103   0.166
0.228   -0.132
0.583   0.414
0.53   0.174
-0.149   -0.174
1.404   1.162
0.399   0.179
0.722   0.998
0.398   0.35
1.243   1.407
1.825   1.682
0.972   1.177
0.512   0.974
-0.35   0.38
-0.141   -0.361
-0.677   -0.486
-0.356   -0.938
0.99   0.621
-0.539   -1.008
-0.387   -0.685
0.571   0.538
1.533   1.418
1.426   1.796
0.953   1.027
0.089   1.445
0.28   0.412
-0.659   -0.684
1.301   1.215
0.336   0.317
0.469   0.118
1.323   1.638
1.138   1.166
-0.001   -0.395
-0.768   -0.909
-0.79   -0.636
0.146   0.482
-1.08   -1.056
0.474   0.293
0.523   0.826
0.954   1.154
-0.214   -0.108
0.556   0.65
-0.181   -0.373
1.509   1.319
-0.178   -0.529
0.29   0.889
-0.162   -0.288
0.911   0.53
0.541   0.099
0.896   1.38
0.471   0.709
0.286   0.915
0.607   0.614
1.413   1.516
-0.011   -0.021
1.297   1.655
1.359   0.966
0.686   0.526
-0.432   -0.617
0.421   0.515
-0.108   -0.132
0.558   0.19
0.959   0.736
-0.862   -1.101
-0.024   -0.053
-0.215   -0.362
0.924   1.95
1.234   1.344
-0.094   -0.061
0.039   0.552
1.066   0.666
0.04   0.387
0.147   -0.198
-0.444   -0.621
0.924   0.618
-0.572   -1.09
0.469   0.319
0.285   0.688
-0.993   -1.176
-0.057   -0.01
-0.681   -0.643
0.86   1.906
-1.544   -1.463
1.045   1.361
1.262   1.048
0.704   0.799
1.634   1.401
0.251   0.166
-1.03   -1.171
0.03   0.291
0.228   0.21
-1.144   -0.806
0.953   1.232
0.947   1.048
-0.57   -0.656
-0.109   -0.406
0.217   0.153
-0.313   -0.416
0.159   -0.594
1.12   1.081
0.138   0.101
0.158   0.236
0.469   0.588
-0.358   -0.572
0.779   0.911
-0.179   -0.519
0.8   0.769
-0.675   -0.648
0.388   0.49
0.557   0.095
0.007   0.414
-1.17   -1.011
0.164   0.041
0.178   0.217
-0.475   -1.079
-0.185   -0.75
1.144   1.906
-0.237   -0.412
-0.493   -0.185
-0.088   -0.508
-0.699   -0.334
-0.127   -0.95
0.733   0.558
2.377   2.214
0.485   0.465
-0.27   -0.643
0.565   1.069
0.403   0.234
0.171   0.024
-0.578   -0.644
0.601   0.652
0.923   1.278
1.561   1.306
-0.617   -0.911
0.447   0.693
0.823   0.824
1.139   1.083
0.597   0.593
0.811   1.019
-0.758   -0.425
0.83   0.711
-0.124   -0.107
-0.001   0.186
0.019   -0.506
0.286   0.688
-0.448   -0.756
-0.499   -0.478
0.576   0.907
0.227   0.306
-0.384   -0.588
-0.844   -1.114
0.622   0.669
-0.157   -0.498
0.414   -0.368
0.16   0.235
0.476   0.38
-0.595   -0.748
0.74   0.206
0.525   0.477
0.812   0.788
-0.21   -0.358
-0.874   -1.035
-0.81   -1.234
0.863   0.901
0.516   0.768
-0.424   -0.567
-0.526   -0.461
0.831   1.416
0.899   1.074
1.224   1.301
0.736   0.836
1.305   1.451
1.515   0.9
0.051   -0.061
1.639   1.882
1.09   0.693
0.717   0.549
-0.326   -0.511
0.039   0.612
-0.55   -0.911
0.196   0.803
-0.246   -0.646
-0.736   -1.459
-0.341   -0.582
-0.644   -0.614
0.479   0.886
1.326   0.926
0.18   -0.158
-0.701   -1.251
0.82   0.853
1.337   1.439
-0.049   -0.124
0.705   0.577
0.188   -0.091
-0.078   0.178
0.953   1.079
-0.913   -0.86
0.954   1.077
1.347   1.187
0.37   0.636
0.433   1.04
0.499   0.332
0.055   -0.208
0.917   1.308
-0.781   -0.566
-0.116   -0.428
1.334   1.294
0.666   0.702
-0.062   -0.911
0.277   -0.275
0.08   0.135
-0.169   -0.39
-0.585   -0.528
0.262   0.152
0.472   0.923
-0.124   0.092
0.99   1.083
-0.182   0.137
0.883   0.906
0.075   0.349
-0.323   0.555
0.881   1.15
0.559   0.671
-0.519   -0.572
-0.053   0.083
0.037   0.631
-0.44   -0.065
0.533   0.365
0.086   -0.224
0.569   0.52
-0.432   -0.411
0.307   0.825
0.798   0.668
-0.44   -0.416
1.258   1.47
-0.173   0.259
0.344   0.584
-0.66   -0.54
-1.037   -1.221
0.421   0.167
1.453   1.824
0.253   0.371
-1.313   -0.882
0.662   0.593
1.143   1.285
0.463   -0.193
1.474   1.77
-0.088   0.051
0.356   0.394
0.437   0.428
0.595   0.888
-0.028   -0.196
0.975   1.491
-0.594   -1.162
-0.945   -0.999
0.411   0.468
-0.234   -0.216
1.185   1.592
-0.412   -0.671
1.926   2.052
-0.0   0.095
-0.633   -0.76
0.298   0.3
-0.628   -0.313
-0.321   -0.773
0.537   0.587
-0.075   0.034
0.154   0.026
0.456   0.396
-0.658   -0.946
0.039   -0.181
-1.612   -1.86
-0.619   -0.735
-0.054   0.098
0.832   1.091
-0.656   -0.535
0.505   0.929
-0.383   0.044
0.45   0.389
0.17   -0.638
1.641   1.639
-0.057   0.197
0.319   0.198
0.562   -0.026
-0.335   -0.63
-0.214   -0.827
0.073   0.422
-0.509   -0.634
-0.182   -0.356
0.34   0.36
1.157   1.284
0.197   -0.281
-1.211   -0.859
0.321   0.504
0.529   0.832
1.089   0.992
0.839   0.943
1.025   0.529
0.738   0.814
0.597   0.925
-0.257   -0.571
0.176   0.598
0.555   0.801
-0.173   -0.652
0.381   0.267
-0.79   -0.72
0.817   0.69
0.767   1.162
0.838   1.394
-0.348   -1.31
-0.07   -0.033
0.768   -0.127
-0.963   -0.862
0.803   0.656
0.131   0.038
0.257   0.426
-1.203   -1.038
0.42   1.405
0.706   3.482
-0.537   -0.725
-0.563   -0.581
1.043   0.691
-0.157   -0.654
1.267   1.293
0.124   1.952
0.536   0.259
-0.077   -0.646
-0.065   -0.216
0.76   -0.039
0.589   0.658
-0.723   -0.999
0.019   -0.242
0.584   0.779
1.0   1.487
0.131   -0.078
1.258   1.219
0.316   -0.115
0.074   0.391
0.238   0.353
1.052   0.157
0.734   0.937
-0.094   -0.782
1.387   0.921
-0.108   0.141
-0.511   -0.186
0.686   0.463
0.533   0.542
0.776   1.402
-0.725   -0.113
-0.108   -0.152
1.071   1.492
-0.877   -0.657
-0.371   -0.128
-0.368   -0.534
0.812   1.054
-0.415   -0.574
0.257   -0.091
0.295   0.107
1.224   1.036
0.888   0.754
0.452   0.198
0.431   0.447
0.281   0.449
-0.774   0.239
-0.222   0.51
-0.357   -0.529
-0.171   0.307
-0.59   -0.306
0.112   0.413
-0.262   -0.362
-0.464   -0.727
0.619   0.47
-0.54   -0.403
0.591   0.566
-0.506   -0.324
0.126   -0.085
-0.075   0.407
0.777   0.51
-0.464   -0.856
0.218   0.718
-0.381   -0.588
-0.097   -0.0
-1.029   -0.822
-0.735   -0.994
-0.283   0.237
-0.152   -0.841
-0.403   -0.223
-0.615   -0.753
-0.414   -0.458
-0.831   -0.613
-0.034   0.014
1.794   1.518
-0.173   -0.044
1.873   1.731
-0.097   0.12
1.523   2.141
-0.342   -0.349
0.504   0.512
0.05   0.155
0.037   0.484
1.28   0.968
0.259   0.042
-0.699   -0.63
0.36   0.189
0.759   0.694
-0.999   -0.726
-0.105   -0.237
-0.193   -0.4
0.118   -0.13
-0.648   -0.521
0.697   0.546
0.146   0.254
-1.07   -1.13
0.965   1.077
0.618   0.723
-0.125   0.173
-0.005   0.223
0.119   0.725
0.628   0.267
0.028   -0.641
1.05   1.145
0.478   0.853
0.267   0.554
1.045   1.36
0.607   0.715
0.236   0.248
1.039   1.163
-0.307   -1.013
1.216   1.727
0.366   0.3
1.193   1.328
1.107   1.318
-0.646   -0.225
1.797   1.769
0.591   0.592
-0.743   -0.656
0.349   0.549
0.248   0.609
-0.695   -0.129
-0.207   -0.269
-0.093   -0.408
0.144   0.376
0.036   0.365
-0.029   0.402
1.451   1.709
-0.155   0.004
0.17   0.512
-0.53   -0.626
-0.547   -0.128
-0.059   0.176
0.028   0.032
1.085   1.239
0.297   0.491
0.333   0.029
0.373   0.662
2.044   2.373
0.89   0.628
0.855   0.943
-1.256   -1.03
-0.263   0.0
-0.117   -0.394
0.304   0.384
-0.22   -0.724
-0.137   -0.154
-0.345   -0.46
-0.397   -0.304
2.268   2.024
-0.543   -0.504
-0.316   -0.324
1.168   0.952
1.74   2.235
0.281   0.477
-0.516   -0.562
1.363   1.408
1.002   1.748
1.04   1.226
-0.502   -0.565
0.172   0.461
0.165   0.113
0.025   -0.488
0.208   -0.067
-0.087   0.026
0.322   1.059
0.381   0.396
0.535   0.609
-0.687   -0.778
1.746   1.589
1.503   1.285
0.132   -1.156
0.887   1.027
0.38   0.308
0.752   1.012
0.718   0.895
0.145   -0.292
0.83   1.028
-0.387   -0.6
0.86   1.106
-0.386   -0.653
0.182   0.083
1.257   1.496
-0.086   0.268
-0.127   0.042
0.033   0.822
-1.229   -0.84
0.269   0.4
-0.266   -0.397
0.953   0.73
0.799   1.316
-0.348   -0.158
-0.175   -0.603
0.75   0.795
0.133   0.669
-0.772   -0.732
1.045   0.851
0.153   -0.091
0.255   0.545
0.267   0.25
1.773   1.875
0.121   0.632
-0.413   -0.142
-1.03   -0.831
1.365   1.199
0.118   0.501
-0.093   -0.317
0.928   1.02
-0.724   -0.782
-0.069   0.022
-0.03   0.147
0.703   0.916
-0.188   -0.113
-0.208   -0.273
0.755   0.696
0.507   0.644
2.559   2.75
0.231   0.194
0.339   0.559
-0.107   -0.127
-0.001   -0.039
0.597   0.788
-0.797   -0.997
1.979   0.968
-0.674   -0.641
-0.531   -0.511
1.442   1.502
-0.158   -0.19
0.737   0.412
-0.122   -0.557
-0.274   -0.204
0.386   0.871
-0.44   -0.577
0.503   0.414
0.399   0.577
-0.357   -0.665
0.98   0.785
0.212   0.41
0.025   -0.193
-0.295   -0.64
-1.252   -1.366
0.292   -0.836
-0.725   -0.792
-0.104   -0.353
-0.173   -0.209
1.444   1.744
-0.974   -0.759
0.597   0.395
-0.869   -1.133
1.52   2.229
1.828   1.674
-0.098   0.219
-0.507   -1.052
0.724   1.478
0.482   -0.072
-0.306   -0.542
0.776   0.943
-0.472   -0.326
0.079   0.016
0.975   1.485
0.088   0.522
-0.107   -0.455
0.764   1.751
-0.494   -0.303
-0.437   -0.613
0.482   0.084
1.079   1.146
1.445   0.773
-0.191   -0.263
0.739   0.34
0.675   0.556
0.263   -0.015
-0.018   -0.002
0.015   -0.192
1.138   1.019
1.149   1.138
-0.659   -0.897
0.676   0.8
0.42   0.25
-1.026   -0.806
-0.547   -0.239
-0.594   -0.48
-0.511   -0.139
-0.561   -0.178
-0.778   -0.75
-0.136   0.007
0.837   0.776
-0.276   0.214
-0.729   -0.609
-0.057   0.036
-0.997   -1.356
-0.684   -0.869
0.635   0.749
0.6   0.405
1.681   2.065
-0.426   -0.254
0.552   0.362
-0.954   -0.688
-0.559   -0.74
-0.179   -0.424
1.181   0.953
0.028   0.058
-0.57   -0.427
-0.412   -0.679
-0.352   -0.096
0.59   0.603
0.653   0.711
0.363   -0.43
0.036   -0.524
0.38   0.342
-0.59   -0.475
0.048   -0.175
1.01   1.256
0.308   0.827
0.192   0.08
-0.595   -1.054
-0.109   -0.084
-0.121   -0.667
0.288   0.167
0.765   0.627
2.149   2.18
0.447   0.084
0.057   0.007
1.387   1.205
-0.287   0.015
0.489   0.551
0.779   0.778
0.185   0.473
0.965   1.456
-0.893   -0.71
0.914   0.972
0.517   0.795
0.945   1.169
-0.264   -0.246
1.478   1.516
-0.279   -1.436
0.253   0.171
0.019   -0.012
1.002   0.898
0.466   0.723
0.54   0.746
-0.576   -0.513
-0.889   -0.568
0.658   0.837
-0.592   -0.053
1.096   0.878
-0.019   0.105
1.528   1.263
-0.792   -0.836
-0.092   0.47
-0.634   -0.267
0.071   -0.358
-0.197   -0.359
-0.975   -1.005
-0.364   -0.387
-0.125   0.683
-0.703   -0.738
-0.489   -0.434
-0.195   -0.592
0.199   0.286
0.38   -0.161
-0.426   -0.548
-0.389   -0.309
-0.112   0.107
-0.895   -0.729
1.127   1.254
-0.659   -0.63
-0.479   -0.428
0.029   -0.265
0.557   1.145
0.716   0.813
1.191   1.351
0.069   -0.129
0.079   -0.239
0.03   0.029
-0.631   -0.77
-0.321   -0.927
-0.352   0.358
0.087   -0.098
0.291   0.617
-0.948   -0.877
0.551   0.104
-0.428   0.147
-1.249   -1.834
2.05   2.384
-0.429   -0.386
-0.139   0.031
0.055   -0.566
-0.036   0.428
-0.02   0.225
-0.343   -0.629
-0.665   -0.73
-0.035   -0.089
-0.176   -0.358
1.321   1.589
-0.787   -0.769
0.594   0.204
0.159   0.354
-0.458   -0.095
-0.073   -0.185
-0.737   -0.725
-0.108   0.257
0.522   0.928
-0.271   -0.88
0.587   0.063
1.168   1.327
0.266   0.716
1.565   1.659
-0.527   -0.783
-0.678   -0.592
0.765   0.482
-0.237   -0.669
0.486   0.191
-0.043   -0.137
1.939   1.34
0.973   0.777
0.612   0.438
1.114   0.963
-0.263   -0.369
1.031   2.013
1.15   1.096
0.25   0.625
0.418   1.366
-0.048   -0.263
-0.306   -0.339
0.529   0.474
0.427   0.939
0.165   0.048
0.111   0.302
1.805   1.596
1.089   1.608
0.384   0.567
0.821   1.288
1.515   1.3
0.454   0.4
1.016   2.558
0.323   -0.255
-0.272   -0.503
-0.63   0.204
-0.304   -0.398
0.354   0.501
-0.227   -0.812
-0.918   -1.538
0.541   0.253
0.79   0.81
-0.477   -0.801
0.143   -0.099
0.093   0.64
0.92   1.164
0.736   0.614
0.476   -0.085
1.694   1.418
1.292   1.408
0.153   0.204
-0.882   -1.09
-0.04   -0.051
0.371   0.04
-0.824   -0.698
0.493   0.672
0.593   0.574
0.733   -0.102
-0.515   0.024
1.153   1.408
0.332   0.322
-0.607   -0.808
-0.287   -0.181
0.61   0.57
1.53   1.18
-0.773   -0.551
0.133   -0.221
0.01   -0.155
0.758   0.786
0.856   0.451
-0.639   -0.617
0.402   0.527
-0.476   -0.788
0.085   0.151
-0.364   -0.614
-0.872   -1.242
-0.414   -0.62
-0.597   -0.477
0.297   0.474
-0.922   -1.18
0.935   0.404
-0.367   -0.647
0.772   0.37
0.266   0.229
-0.568   -0.228
-0.043   -0.021
0.747   0.611
1.025   0.856
1.511   1.337
-0.247   -0.632
0.34   0.523
0.254   -0.003
0.194   0.652
0.688   1.044
0.298   0.329
-0.643   -0.905
-0.641   -0.74
1.266   1.108
-0.156   -0.225
-0.53   -0.083
0.784   0.491
-0.181   -0.909
0.931   1.032
-1.026   -0.947
0.765   0.744
-0.335   -0.683
0.607   0.691
1.286   1.391
-0.219   -0.489
-1.144   -0.965
1.305   1.254
0.16   -0.184
0.07   0.147
0.522   0.379
-0.918   -0.423
0.699   0.63
0.783   0.42
-1.024   -0.761
-0.263   0.673
-0.693   -0.9
0.626   0.673
0.138   -0.188
1.048   0.728
0.736   0.807
-0.116   -0.199
1.074   0.958
-0.126   -0.587
0.781   1.177
-0.281   -0.515
-0.775   -0.8
-0.205   -0.326
0.15   0.221
0.703   0.542
0.128   0.05
0.866   1.103
-0.652   -0.802
0.907   0.847
0.893   0.707
-0.402   -0.338
-0.361   -0.705
1.527   1.038
-0.625   -0.367
-0.478   -0.121
-0.409   0.069
0.113   -0.135
-0.923   -0.419
0.523   0.896
-0.249   -1.594
1.253   1.196
-0.413   -0.37
2.037   2.073
-0.488   -0.334
0.181   0.14
2.154   2.186
0.343   0.568
-0.114   -0.537
0.345   -0.055
-0.352   -0.644
1.037   0.704
0.273   -0.056
1.265   2.536
0.634   0.401
0.051   -0.106
-0.33   -0.033
0.411   0.167
1.58   1.546
0.376   0.53
0.344   0.108
0.319   0.516
-0.124   -0.072
0.656   0.704
0.945   1.063
0.516   0.866
0.039   0.02
-0.805   -0.641
-0.674   -0.419
0.863   1.002
0.258   0.074
0.755   0.808
1.556   1.758
-0.122   -0.076
-0.59   -0.634
1.65   1.925
1.591   1.263
1.277   1.19
0.712   0.667
-0.044   -0.359
0.614   0.447
-0.29   -0.455
0.179   0.551
0.372   0.345
-0.286   -0.885
0.382   0.639
0.044   -0.265
0.875   1.496
0.739   1.198
0.766   0.473
0.557   0.966
-0.49   0.182
0.266   0.684
0.269   0.238
1.244   1.061
1.383   1.031
-0.455   -0.731
0.145   0.118
-0.573   -0.663
-0.328   -0.587
-0.23   -0.471
-1.222   -0.8
-0.06   -0.299
1.716   1.867
-0.492   -0.736
-0.335   -0.515
0.751   0.755
-0.509   -0.662
-0.711   -0.892
-1.088   -0.889
-0.642   -0.919
0.021   0.257
-0.346   -0.668
-0.231   -0.76
-0.817   -1.013
-0.739   -0.841
-0.191   -0.537
1.153   0.562
0.197   -0.378
-0.952   -1.056
0.938   0.078
1.227   1.396
0.654   0.526
-0.626   -0.804
0.453   0.571
0.318   0.121
-0.042   0.327
0.207   0.239
1.255   1.472
-0.379   -0.257
-0.022   0.474
-0.35   -0.015
0.146   -0.327
-0.812   -0.972
-1.393   -1.774
-0.369   -0.368
-0.285   -0.617
-1.36   -1.362
0.545   0.417
1.344   2.495
-1.755   -0.678
-0.742   -0.466
-0.151   0.001
0.763   0.924
0.161   0.214
1.172   1.047
1.043   0.667
1.357   1.585
0.622   0.406
0.113   0.203
0.042   -0.029
-0.04   -0.083
1.238   1.157
-0.755   -0.664
-0.1   0.152
-0.091   0.013
-0.725   -0.651
0.85   1.083
-0.602   -0.682
-0.765   -0.712
-0.588   -0.675
0.293   0.807
-0.136   -0.371
-0.287   -0.602
-0.559   -0.724
-0.572   -0.633
-0.722   -0.524
-0.662   -0.588
-0.375   0.194
0.757   0.942
-0.589   -0.812
0.241   0.408
0.647   0.96
0.276   1.092
1.324   1.416
0.073   0.221
0.808   0.843
-0.639   -0.726
0.52   0.819
-0.195   -0.09
0.101   0.253
0.175   0.708
0.584   1.072
-0.16   -0.393
0.463   0.327
0.248   0.794
-0.725   -0.617
0.919   1.524
0.094   0.23
0.162   -0.11
1.099   0.665
1.032   1.12
-0.287   -0.43
-0.564   -0.991
0.5   0.349
-0.908   -0.736
0.835   1.253
-0.003   -0.279
-0.649   -0.592
1.51   1.557
-0.428   -0.183
-0.94   -0.496
-0.72   -0.562
0.06   -0.156
-0.775   -0.853
-0.612   -0.653
-0.568   -0.759
0.096   0.312
-0.358   -0.447
0.44   0.648
-0.604   -0.499
-0.885   -0.476
0.476   0.274
-0.689   -0.729
-0.495   -0.675
0.499   0.163
-0.221   0.144
1.55   1.235
-0.0   -0.008
-0.617   -0.566
-0.05   -1.023
1.175   1.145
0.195   0.179
0.838   0.478
0.359   -0.179
0.636   0.465
0.914   1.263
-0.652   -0.947
-0.597   -0.696
-0.67   -0.896
0.1   0.253
0.303   0.725
-0.443   -0.714
0.579   0.413
0.254   -0.002
0.649   0.585
1.22   1.476
0.035   0.587
-0.004   0.499
0.012   0.112
0.118   -0.129
-0.007   0.564
1.493   1.097
1.083   0.799
0.937   0.766
0.846   0.951
0.139   0.694
0.409   0.018
0.222   0.144
-0.245   0.081
0.967   0.534
-0.093   0.287
0.074   -0.509
-0.123   0.173
1.289   0.573
0.073   0.363
0.38   0.055
0.425   0.532
0.617   0.602
0.624   0.739
0.033   1.069
0.774   0.648
1.484   1.573
1.398   1.611
0.079   -0.48
-0.016   -0.23
0.535   0.619
0.795   0.524
0.751   0.771
0.791   0.232
0.021   -0.028
-0.322   -0.261
2.01   1.642
0.9   1.456
-1.007   -0.848
1.321   1.558
0.652   0.858
0.612   0.796
0.062   -0.321
1.497   1.319
1.377   1.305
-0.363   -0.554
-0.08   -0.31
1.514   1.41
-0.502   -0.631
0.098   -0.825
0.592   0.516
0.772   0.576
-0.168   -0.108
-0.04   -0.526
-0.079   0.085
-1.121   -0.772
-0.541   -0.273
-0.427   -0.662
0.03   -0.168
-0.454   -0.546
0.329   0.379
1.041   0.924
1.691   1.065
-0.032   -0.191
-0.405   -0.673
-0.905   -0.669
0.699   0.959
-0.495   -0.719
-0.589   -0.185
-0.031   0.166
-0.989   -0.724
0.546   0.597
-1.236   -1.027
1.552   1.988
-0.518   -0.261
1.276   1.069
0.162   0.243
-0.245   -0.338
-0.238   -0.321
-0.16   -0.056
0.583   0.474
0.026   -0.018
-0.669   -0.558
0.445   0.666
-0.246   -0.561
-0.771   -0.576
0.671   0.576
1.371   1.801
0.936   1.36
-0.82   -0.823
-0.714   -1.107
0.406   0.895
1.073   0.912
0.205   0.275
-1.091   -0.916
-0.248   -0.383
0.713   0.615
1.358   1.46
0.053   0.357
0.247   0.279
0.625   0.662
-0.021   0.291
-0.104   -0.578
-0.406   -0.674
-0.934   -0.551
-0.044   -0.228
0.814   0.826
-0.337   -0.394
-0.012   -0.053
-0.749   -0.589
0.357   0.729
0.007   0.137
-0.115   -0.13
-0.511   -1.046
-0.538   -0.966
0.232   0.535
1.787   2.4
-0.388   0.009
0.29   -0.208
0.212   0.815
0.509   0.504
-0.105   -0.356
-0.309   -0.545
1.327   1.341
0.957   0.726
0.505   0.336
-0.277   -0.028
0.918   0.76
1.114   0.899
-1.664   -1.983
-0.69   -0.956
0.977   1.475
0.162   -0.011
0.172   -0.163
-0.538   -0.852
1.112   0.423
-0.014   -0.681
1.146   1.111
0.399   0.362
1.868   1.786
1.305   1.205
1.061   1.506
0.026   -0.167
-0.887   -0.723
0.217   0.34
-0.539   -0.463
0.764   0.778
0.867   1.435
-0.187   -0.392
0.386   0.476
0.463   0.517
0.699   0.531
-1.08   -1.023
-0.909   -0.69
-0.246   0.398
-0.016   -0.272
0.394   0.561
1.314   1.475
-0.394   -0.367
0.669   0.788
-0.528   -0.487
0.19   0.056
0.466   0.428
0.704   0.298
0.947   0.92
0.375   0.357
-0.565   -0.382
-0.625   -0.112
-0.989   -0.695
0.53   0.501
3.149   3.378
1.216   1.24
-0.705   -0.624
0.333   0.448
-0.438   -0.756
1.714   2.046
-0.803   -0.899
1.018   1.257
-0.038   -0.135
-0.397   -0.264
0.824   0.749
0.601   0.453
0.103   0.195
1.348   1.707
0.479   0.54
1.512   1.154
-0.234   0.745
0.565   0.643
1.086   1.177
0.037   0.412
0.366   0.347
0.996   1.406
-0.243   -0.515
-0.337   0.437
-0.48   -0.106
0.431   -0.048
-0.212   -0.638
1.108   1.296
-0.359   0.091
-0.843   -0.78
-0.653   -0.838
1.353   1.174
-0.147   0.076
0.876   0.734
1.016   0.709
0.111   0.153
0.925   1.298
0.4   0.115
0.132   0.233
0.769   0.633
-0.352   -0.622
0.207   -0.771
0.183   -0.705
0.766   1.021
0.267   0.17
-0.014   -0.565
1.196   0.917
0.469   0.895
0.488   0.588
0.374   0.285
0.829   0.734
-0.358   -0.655
0.52   0.47
0.591   0.812
1.266   1.338
-0.304   -0.772
-0.529   -0.737
0.447   -0.08
-0.033   -0.338
-0.88   -0.87
0.8   0.632
0.408   0.012
0.932   0.663
-0.597   -0.243
-0.613   -0.761
-0.682   -0.798
1.067   1.497
-0.688   -0.869
0.537   0.672
0.237   0.146
1.114   0.898
-0.268   -0.352
-0.446   -0.676
-1.013   -0.912
0.719   0.395
-0.416   -0.839
-0.297   -0.357
0.437   0.141
-0.468   -0.558
-0.775   -0.681
0.453   0.095
-0.174   -0.532
-0.714   -0.719
1.178   1.002
1.459   2.169
-0.956   -1.333
0.133   0.271
-0.58   -0.656
-0.081   0.176
0.344   -0.225
0.136   -0.046
-0.926   -0.805
0.364   0.632
0.539   1.54
-0.608   -1.145
-0.362   -0.489
1.238   0.645
0.803   0.583
0.853   0.695
0.183   -0.268
-0.821   -0.568
-0.291   0.088
-0.063   -0.068
1.099   1.298
0.269   0.302
0.204   0.187
1.045   1.299
-0.083   -0.002
-0.201   -0.238
-0.66   -0.795
1.158   1.868
0.329   0.064
0.029   0.033
-0.818   -0.857
-0.17   -0.268
-0.433   0.205
0.351   -0.467
-0.067   -0.016
1.631   1.404
-0.432   -0.449
0.379   0.299
0.871   1.853
0.046   0.232
-0.016   -0.338
-0.7   -0.871
-0.109   -0.282
-0.383   -0.529
-0.865   -0.876
0.351   0.281
-0.227   -0.2
1.219   1.557
1.322   1.49
-0.775   -0.754
0.381   0.217
0.811   0.333
0.827   0.777
1.192   0.915
-1.229   -1.065
1.591   1.357
-0.694   -0.832
-0.842   -0.858
-0.633   -0.798
-0.57   -0.756
-0.516   -0.828
-0.415   -0.569
0.686   0.716
-0.63   -0.456
1.664   1.706
0.594   0.503
0.271   -0.018
-0.007   0.159
0.292   0.188
0.491   0.169
0.249   0.017
0.571   0.497
0.919   1.304
0.199   0.09
1.105   1.198
1.854   2.751
-0.84   -1.081
-1.207   -1.155
0.944   0.999
0.988   0.899
-0.796   -0.628
-0.393   0.311
1.05   1.085
-0.58   -0.715
1.721   2.127
0.037   -0.096
-0.226   -0.433
-0.63   -0.821
0.556   1.08
0.831   0.283
-0.594   -0.961
-0.295   0.17
0.641   0.679
-0.732   -1.014
-0.9   -1.234
-0.416   -0.706
0.13   0.51
0.961   0.906
-0.835   -0.677
0.359   0.64
-0.163   -0.165
0.858   0.702
2.282   2.388
0.667   0.824
0.919   0.862
0.37   -0.011
-0.4   -0.428
0.039   0.058
0.176   0.144
-0.51   -0.962
-0.509   -1.038
1.162   1.443
1.282   1.1
-0.214   -0.159
-0.368   -0.537
0.762   0.45
-0.013   -0.338
1.652   1.453
-0.366   -0.715
0.748   0.47
0.644   0.646
0.717   0.617
0.845   1.035
0.381   -0.264
0.84   0.692
0.285   0.463
-0.062   0.78
-1.052   -0.746
2.25   2.584
1.883   1.984
1.204   1.291
0.61   0.65
-0.561   -0.913
0.212   0.417
1.97   2.517
-0.8   -0.509
-0.777   -0.721
0.579   0.848
0.685   0.416
0.117   0.413
0.846   1.098
0.494   0.668
1.26   0.777
-0.504   -0.581
0.036   -0.431
0.168   -0.033
0.972   0.786
-0.104   -0.062
-0.041   0.386
-0.249   -0.179
1.019   0.826
1.471   1.268
0.614   0.384
-0.464   -0.608
-0.026   0.471
0.379   0.485
0.214   0.582
-0.193   -0.164
0.343   0.287
0.948   1.169
0.306   0.423
1.212   1.129
-0.581   -0.566
0.168   0.25
-0.916   -0.77
-0.267   -0.493
0.226   1.026
0.917   1.206
0.582   0.828
0.504   0.089
-0.375   -0.59
0.321   0.339
0.091   0.122
0.706   0.543
0.661   1.246
0.868   0.796
0.732   0.817
0.083   -0.139
0.435   0.129
-0.064   0.636
-0.255   -0.175
1.339   1.412
0.858   1.053
-0.057   0.415
-0.559   -0.559
-0.51   -0.097
1.259   1.157
0.247   -0.048
0.745   0.646
0.889   0.72
0.22   0.227
-0.159   0.122
-1.29   -1.137
0.282   -0.422
-0.419   -0.615
1.121   0.91
0.658   0.746
1.24   1.733
-0.28   -0.303
-0.045   -0.253
0.647   0.523
0.731   0.272
0.683   0.934
1.144   1.014
1.32   1.31
0.756   0.636
1.295   1.413
0.743   0.412
0.301   0.675
-0.498   -1.125
-0.046   -0.517
-0.748   -0.648
0.856   0.499
-0.563   -1.079
-0.15   -0.377
-0.221   -0.686
-0.138   -0.374
-0.611   -1.13
-0.891   -0.299
0.374   -0.468
0.483   0.368
-1.115   -1.218
0.479   0.415
-1.034   -0.834
-0.373   -0.559
-0.401   -0.604
-0.732   -0.614
-0.181   -0.031
0.245   -0.153
-0.038   0.406
0.973   1.114
-0.057   -0.146
-0.032   -0.08
0.037   -0.139
0.218   -0.078
-0.188   -0.092
-0.147   -0.463
-0.743   -0.587
-0.33   -0.83
0.695   0.518
0.017   0.489
-0.272   -0.607
0.003   -0.244
0.424   0.219
0.009   0.156
1.196   1.086
1.075   1.021
0.374   0.157
1.106   1.067
1.399   2.001
0.517   -0.308
1.698   1.593
0.834   0.445
0.76   1.126
0.76   0.549
0.516   0.723
0.218   1.078
1.236   1.473
-0.671   -0.757
-0.483   -2.436
-0.568   -0.8
1.316   1.159
1.15   1.463
0.231   -0.288
0.297   0.562
-0.23   -0.75
-0.372   0.084
0.045   0.429
-0.591   -0.816
0.929   1.21
0.532   0.287
0.774   0.635
1.448   1.503
0.311   0.446
0.474   0.277
-0.422   -0.911
-0.325   0.093
-0.57   -0.564
-0.659   -0.653
-0.107   0.611
-0.218   -0.568
-0.025   0.378
0.601   0.529
1.44   1.203
0.673   1.09
0.133   -0.004
0.705   1.916
-0.13   -0.585
-0.411   -0.869
0.311   0.05
0.691   0.544
0.301   0.147
0.235   0.089
0.524   0.82
1.513   1.4
-0.114   0.581
1.398   1.409
0.493   0.596
-0.339   -0.495
-0.598   0.194
0.415   0.463
0.194   -0.143
1.189   0.831
0.095   0.1
0.205   -0.061
-0.261   0.198
-0.776   -0.325
-0.224   -0.489
1.345   1.201
-0.66   -0.596
1.114   1.285
1.03   1.337
0.809   0.26
0.429   0.33
-0.52   -0.663
-0.287   -1.059
1.032   1.385
-0.333   -0.664
-0.588   -0.293
-0.377   -0.556
-0.509   -0.98
0.875   1.11
-0.046   -0.062
0.876   0.806
1.287   0.859
0.527   0.092
1.205   1.264
-0.625   -1.128
-0.274   -0.561
1.483   1.01
0.619   0.696
0.525   0.679
-0.913   -0.689
-0.247   0.375
-0.788   -0.549
-0.945   -0.79
-0.657   -0.708
-0.694   -0.846
-0.39   0.38
0.757   0.564
0.258   0.452
-0.699   -0.749
0.875   0.816
-0.393   -0.065
-0.364   -0.507
-0.084   0.271
0.378   0.256
0.5   0.66
-0.21   -0.571
-0.93   -0.653
0.492   0.564
1.283   0.013
-0.612   -0.818
0.028   0.195
-0.742   -0.823
-0.024   0.211
1.05   0.074
-0.014   0.119
-1.208   -1.299
1.068   0.964
-0.398   -0.453
1.246   1.071
-0.395   -0.57
-0.503   -0.531
0.932   0.615
1.097   1.1
1.376   1.385
0.109   0.041
0.51   0.84
0.033   0.468
0.309   0.574
0.302   0.334
1.14   0.866
1.027   1.267
1.161   1.483
0.342   0.719
-0.583   -0.913
0.089   0.422
-0.298   -0.475
1.605   1.625
1.148   1.04
1.001   1.327
-0.395   -0.871
0.009   0.188
-0.76   -0.706
-0.117   -0.048
0.821   0.828
-0.729   -0.621
-0.225   -0.3
0.418   0.477
-0.01   -0.387
1.731   1.491
-0.787   -0.935
0.956   0.837
0.633   0.834
-0.472   -0.693
1.825   1.533
1.372   1.655
0.652   0.583
-0.393   -0.388
-0.399   -0.296
-0.232   -0.791
1.223   1.354
0.525   0.413
-0.994   -0.921
-0.857   -0.7
-0.686   -0.666
-0.462   0.365
0.855   0.634
0.908   1.405
-0.188   -0.358
-0.368   -0.099
0.345   0.76
0.285   0.493
0.086   0.313
-0.557   -0.673
0.963   1.184
-0.039   -0.707
0.453   0.173
1.819   2.231
-0.211   -0.032
-0.969   -0.017
0.18   1.12
-0.073   -0.034
0.884   1.361
1.398   1.789
-0.201   -0.565
-0.832   -1.832
0.688   0.264
-0.723   -0.745
0.109   -0.427
0.201   0.012
0.587   0.449
1.401   1.405
1.053   1.328
1.451   1.079
-0.554   -0.018
0.759   0.946
1.939   1.781
0.136   0.531
-0.961   -1.18
2.269   2.341
-0.2   -0.072
1.245   0.959
0.314   0.396
0.221   0.229
-0.361   0.291
1.58   1.727
0.821   0.039
-0.635   -0.917
-0.473   -0.408
0.122   0.424
0.169   0.114
0.669   0.586
-0.502   -0.624
0.549   0.532
-1.112   -1.203
-0.169   -0.122
1.114   1.008
0.706   0.466
0.284   0.814
0.152   0.149
0.185   0.293
2.822   2.885
0.478   0.272
1.554   0.538
-0.203   -0.585
0.16   -0.963
1.624   1.47
-0.143   0.64
-0.013   -0.444
-0.504   -0.478
0.663   1.098
-0.687   -0.692
-1.245   -1.27
0.655   0.45
-0.5   -0.389
-0.176   0.042
0.616   0.785
0.601   0.703
0.9   0.967
0.932   0.773
-0.591   -0.833
-0.2   0.004
0.87   0.599
-0.584   -0.964
-0.53   -0.927
-0.941   -1.152
0.4   0.391
-0.846   -0.688
-0.758   -0.674
1.082   1.124
0.689   0.845
2.573   2.773
-0.607   -0.45
0.729   0.826
0.897   1.128
0.001   0.342
0.897   0.729
0.45   0.376
-1.485   -0.699
0.241   0.141
0.94   0.772
0.627   0.281
-0.362   -0.581
-0.941   -1.096
0.674   0.618
0.155   -0.19
0.79   0.641
-0.253   -0.316
0.297   0.329
0.453   0.231
0.893   1.129
0.14   -0.445
-0.279   -0.208
1.893   1.637
1.23   1.269
0.29   0.091
-0.789   -0.79
-0.039   -0.289
-1.175   -1.15
-0.556   -0.424
-0.465   -0.864
0.701   0.288
-1.013   -0.81
-0.378   -0.327
-0.837   -1.186
-0.73   -0.602
1.824   1.805
0.964   1.036
-0.567   -0.385
0.994   0.679
-0.09   -0.016
0.064   0.008
0.173   0.165
0.999   1.561
0.248   -0.111
-0.162   -0.171
0.268   -0.111
-0.985   -0.755
-1.109   -1.197
0.51   0.813
1.048   1.104
0.851   0.614
-0.548   -0.664
-0.355   -0.368
0.099   0.128
0.283   0.576
-0.538   -0.705
-0.028   -0.045
-0.664   -0.721
1.67   1.753
1.368   1.591
0.615   0.401
-0.125   -0.116
0.72   1.065
-0.594   -0.881
-0.385   -0.695
-0.557   -0.534
0.263   -0.255
0.418   0.17
1.466   2.172
1.903   1.572
-0.521   -0.582
-0.229   -0.298
-0.746   -0.883
0.291   0.022
0.807   0.83
2.103   2.273
-0.245   -0.465
0.276   -0.177
-1.342   -1.379
-0.527   -0.602
0.848   0.698
0.596   0.579
0.304   0.422
0.299   0.408
-0.635   -0.866
0.919   0.524
1.037   0.898
0.687   0.658
-0.144   -0.548
-0.287   0.191
0.458   0.2
0.044   0.145
-0.014   0.252
1.597   1.388
2.135   1.996
0.548   1.572
-0.429   -0.672
1.569   1.683
0.057   0.366
-0.555   -0.202
-1.023   -0.747
1.321   1.695
1.176   0.87
0.26   -0.244
0.886   0.882
-0.517   -0.124
-0.271   -0.559
0.671   0.883
-0.535   -0.433
-0.174   -0.47
-0.876   -0.689
0.987   1.297
0.021   0.385
-0.396   -0.674
0.628   0.83
-0.992   -0.599
-0.606   -0.356
0.151   0.401
-0.396   -0.183
0.183   0.588
-0.239   0.397
-0.804   -0.481
-0.392   0.122
0.2   -0.117
0.557   -0.114
-0.107   0.167
0.792   0.788
-0.485   -0.126
0.217   0.266
1.197   1.193
0.242   1.072
-0.159   -0.008
1.136   1.555
-0.075   0.138
1.088   0.967
0.496   0.105
1.415   1.813
-0.156   -0.02
1.321   1.481
1.565   0.776
0.14   0.214
0.62   0.327
0.222   0.178
-0.351   -0.23
-0.167   -0.003
-0.282   -0.541
0.79   0.878
1.39   1.348
0.636   0.314
2.057   2.7
2.367   2.5
1.36   1.714
0.694   0.557
1.165   1.525
0.869   0.703
-0.473   -0.579
1.184   1.593
0.724   1.151
0.756   0.575
1.253   1.203
-0.917   -1.132
-1.15   -0.274
0.013   -0.257
-0.03   0.261
-0.264   -1.189
0.481   0.157
-0.233   -0.542
-0.228   -0.766
0.711   0.157
0.784   0.181
0.659   1.234
0.651   0.445
-0.615   -0.787
0.696   0.684
-0.07   -0.024
0.287   0.158
0.49   0.502
1.299   1.521
0.737   0.819
-0.579   -0.849
0.181   0.528
-0.889   -0.592
0.2   0.272
-0.692   -0.748
0.702   0.917
0.797   0.249
0.49   0.56
0.202   -0.018
1.102   1.326
0.506   1.365
0.086   0.255
-0.692   -1.002
0.05   0.414
1.946   1.714
0.818   0.598
-0.28   -0.159
-0.572   -0.79
0.369   0.276
1.402   1.286
1.297   0.735
0.131   0.053
0.423   0.531
0.069   0.281
-0.947   -1.114
-0.334   0.33
1.819   1.597
0.497   0.807
0.151   0.622
0.793   0.586
0.4   0.233
0.275   0.613
0.431   0.847
-0.23   -0.412
0.603   0.226
-0.445   0.47
0.228   0.527
0.622   0.939
1.165   1.604
0.335   0.31
1.377   0.947
1.323   1.374
1.658   1.51
-0.876   -0.843
-0.446   0.06
0.13   0.894
-0.485   -0.717
0.189   0.038
-0.227   -0.107
-0.631   -0.613
0.587   0.761
1.528   2.33
0.39   0.254
-0.127   -0.197
0.012   0.197
0.654   0.987
-0.14   -0.135
0.367   -0.145
0.454   0.356
0.246   0.228
-0.837   -1.129
0.83   0.458
-0.302   -0.651
1.232   1.247
0.063   -0.227
0.081   -0.452
-0.817   -0.784
0.575   0.55
0.926   0.413
0.883   0.765
-0.258   -0.666
-0.302   -0.574
-0.007   0.332
-0.721   -0.834
-0.271   -0.604
0.155   0.183
-1.189   -1.431
-0.358   -0.499
0.244   -0.257
-0.59   -0.973
0.302   0.003
-0.574   -0.564
0.93   0.874
0.962   1.264
-0.49   -0.396
0.896   0.815
0.663   1.105
0.137   0.259
0.063   -0.109
-0.348   1.062
0.965   0.937
-0.419   -0.253
-0.476   -0.512
-0.109   0.485
0.263   0.84
0.251   0.42
-0.242   -0.062
-0.092   -0.174
0.511   0.201
-1.367   -1.287
0.036   -0.504
-0.264   -0.198
0.039   0.544
0.066   0.224
-0.16   0.126
0.053   -0.474
0.713   0.637
0.893   0.756
0.374   0.773
0.117   -0.081
0.38   0.603
-0.237   -0.475
0.056   -0.212
0.351   0.565
0.853   0.572
0.076   0.38
-0.621   -0.774
0.362   0.175
0.049   -0.028
-0.134   -0.003
0.201   0.066
0.206   0.209
1.239   0.794
-0.261   0.105
0.203   0.039
0.388   0.438
-0.787   -1.045
0.219   0.1
-0.788   -0.55
0.162   0.424
-0.429   -0.57
0.785   0.613
0.143   0.426
0.054   0.123
0.503   0.413
0.063   -0.29
0.713   0.363
0.253   0.622
-0.033   0.029
0.84   -0.281
0.116   -0.082
-0.486   -0.067
-0.349   -0.439
-1.185   -1.138
-0.341   -0.833
-0.296   0.085
0.965   0.835
1.016   1.311
-1.295   -1.29
-0.685   -0.841
-0.221   0.46
0.618   1.026
1.041   0.995
1.688   1.559
-0.624   -0.72
0.459   0.632
0.411   -0.422
-0.26   -0.006
0.009   -0.227
0.092   0.7
-1.184   -0.704
-0.109   -0.528
0.078   -0.124
-0.236   -0.418
0.384   0.249
0.934   0.802
1.32   1.286
0.558   0.432
-1.251   -1.509
-0.232   -0.426
0.38   0.633
0.053   0.255
1.073   0.888
0.35   -0.342
0.379   0.61
0.081   -0.309
0.417   0.681
0.313   0.699
0.774   0.951
-0.522   -0.862
0.624   0.572
0.381   0.482
-0.458   -0.24
1.362   1.428
-0.005   0.109
-0.807   -0.577
-1.007   -0.819
-0.694   -0.448
2.316   1.637
1.312   1.513
0.761   0.835
1.558   1.876
0.276   0.304
1.592   1.587
1.004   0.873
-0.422   -0.173
0.491   0.598
-0.119   -0.075
0.996   0.925
0.175   -0.141
1.37   1.194
0.826   0.638
-0.328   -0.646
1.663   1.529
0.106   -0.517
1.055   0.888
-0.362   -0.255
1.433   1.319
0.029   0.193
0.322   0.607
0.629   1.174
-0.787   -0.648
0.086   -0.088
1.075   1.296
-0.426   -0.499
-0.387   -0.398
1.457   1.266
-0.797   -0.521
-0.545   -0.461
0.861   0.864
0.49   1.021
-0.784   -0.839
-0.478   -0.608
-0.325   -0.362
0.731   0.667
0.797   0.757
-0.971   -0.915
1.326   1.296
-0.291   -0.672
-0.344   -0.083
0.414   0.831
0.956   0.64
0.006   -0.025
-0.303   -0.372
-0.45   -0.419
-0.804   -0.744
-1.272   -1.446
-0.481   -0.678
-0.077   -0.157
1.243   1.255
-1.18   -1.166
0.527   0.362
0.155   0.137
0.423   0.369
-0.031   0.288
0.029   0.183
-0.534   -0.313
0.78   0.667
0.307   0.201
-0.429   -0.415
0.138   0.032
-0.513   -0.132
-0.696   -0.542
0.146   0.158
-0.561   -0.241
1.07   1.074
0.087   0.06
0.179   0.004
-0.158   -0.333
0.325   0.281
0.709   0.814
0.552   1.116
-0.371   -0.722
1.344   1.288
0.388   -0.046
0.664   0.274
0.636   0.579
0.169   0.5
0.401   0.272
1.323   1.438
0.229   1.235
0.429   0.646
0.007   -0.37
0.117   0.052
-0.156   -0.498
-0.803   -0.69
-0.841   -0.627
-1.432   -1.034
0.869   0.83
0.843   0.596
-0.337   -0.383
0.779   1.072
1.116   1.077
-0.424   -0.404
-0.685   -0.434
0.175   -0.091
-0.465   0.163
-0.417   -0.411
0.118   0.599
0.055   0.449
1.346   1.101
-0.364   -0.874
-0.824   -0.745
-0.315   0.549
0.499   0.369
-0.453   -0.713
1.923   1.693
0.253   0.047
-0.599   -0.504
1.018   0.791
-0.047   0.084
-0.865   -0.661
-0.168   -0.193
1.098   0.827
0.692   0.616
-0.001   0.259
-0.555   -0.126
1.077   1.221
-0.333   -0.147
-0.318   -0.854
0.527   0.488
0.718   0.81
0.394   0.179
1.714   1.879
-0.514   -0.682
-1.042   -0.796
-0.89   -0.686
-0.066   -0.073
0.923   1.226
0.444   0.575
0.664   1.118
-0.845   -0.855
0.302   0.239
0.223   -0.535
-1.019   -1.111
0.768   0.94
1.101   1.019
-1.118   -0.73
0.688   0.4
-0.749   -1.029
-0.686   -0.761
0.419   0.372
0.466   0.547
1.895   1.76
2.311   2.371
0.224   0.815
-0.066   -0.536
-0.138   -0.51
0.387   0.285
0.484   0.818
0.199   -0.514
1.274   0.823
2.172   1.667
-0.489   -0.564
0.021   0.129
-0.66   -0.605
0.887   0.794
-0.04   -1.031
0.337   0.375
0.758   1.127
1.05   1.137
0.324   0.301
0.672   1.019
1.285   1.085
1.378   1.442
0.717   0.269
0.26   0.529
0.677   0.7
0.849   0.849
-0.037   0.141
1.06   1.481
0.042   0.052
1.355   1.14
-0.236   -0.103
-0.642   -0.738
0.28   0.168
-0.072   0.715
0.786   0.709
-0.308   0.369
-0.561   -0.995
0.017   -0.082
1.249   0.998
0.52   0.337
-0.002   -0.323
-0.287   0.48
-0.565   -0.563
-1.458   -1.09
-0.274   -0.344
0.324   0.182
1.456   1.486
0.839   1.319
1.625   1.21
1.115   1.375
0.904   0.859
0.258   0.64
0.033   -0.095
0.859   0.559
-0.409   -0.362
-0.143   -0.13
1.582   1.477
2.057   2.211
0.34   0.705
0.944   0.884
0.979   0.701
-0.695   -0.759
-0.161   -0.614
0.155   -0.337
1.146   1.562
0.544   1.114
0.646   0.596
0.618   0.852
1.61   1.536
-0.237   -0.51
1.022   0.996
-0.562   -0.405
-0.55   -0.108
1.554   1.69
2.8   2.604
-0.381   -0.828
0.254   0.184
2.092   1.726
0.463   0.813
0.493   0.837
-0.963   -1.055
0.368   -0.134
0.157   0.059
1.411   1.105
0.737   -0.01
0.41   0.557
1.211   0.864
0.085   0.032
0.177   1.277
0.731   1.089
-0.112   -0.023
0.09   0.303
-0.135   -0.164
0.496   0.56
0.245   0.056
-0.444   -0.07
1.169   2.634
0.724   0.305
0.842   0.555
-0.522   -0.471
-0.558   -0.681
0.8   0.853
-1.05   -0.731
0.365   0.234
1.095   0.585
-0.576   -0.645
-0.384   -0.292
0.25   -0.31
0.814   0.365
1.553   1.538
0.993   1.2
-0.711   -0.673
1.842   1.864
0.641   0.705
1.86   1.631
0.136   0.152
-0.164   -0.014
0.036   -0.259
0.833   0.732
-0.524   -0.508
1.654   1.882
1.237   1.448
-0.033   0.427
0.556   -0.12
-0.349   -0.484
-0.295   -0.61
1.368   1.77
0.451   0.684
0.366   -0.003
0.76   0.547
-0.355   -0.733
0.195   0.342
1.18   1.104
0.638   1.633
0.216   -0.219
-0.886   -0.574
0.157   0.39
1.415   1.358
-0.09   -0.418
0.403   0.746
-0.224   -0.476
0.265   0.548
0.593   0.18
1.779   2.214
0.453   0.637
-0.634   -1.003
1.202   1.473
-0.122   -0.12
-0.23   -0.345
0.382   0.506
-0.324   -0.348
-0.214   -0.596
-1.064   -1.19
0.198   0.305
-0.203   -0.742
1.582   1.496
-0.941   -1.415
-0.41   -0.427
0.524   0.187
-0.052   -0.376
0.767   0.653
-0.11   0.529
0.54   0.383
1.413   1.042
-0.184   -0.125
0.497   0.494
0.989   1.075
1.351   1.184
0.141   -0.659
0.066   0.357
-0.193   -0.454
1.216   1.957
0.077   0.11
-0.45   -0.212
0.872   1.12
-0.297   -0.75
2.371   2.055
0.431   0.289
0.592   0.541
-0.601   -0.664
1.072   1.227
-0.59   -0.348
1.536   1.804
0.266   0.448
0.437   0.475
-0.233   -0.148
-0.008   -0.661
-0.421   -0.552
2.171   2.058
1.464   1.131
0.583   0.714
-0.529   -0.76
0.315   0.402
-0.338   -0.528
1.445   1.79
1.662   1.678
-0.702   -0.399
0.584   -0.12
0.083   0.09
0.462   0.593
-0.201   0.018
-0.561   -0.686
-0.779   -0.724
0.764   0.852
-0.63   -0.503
-0.165   -0.549
-0.355   0.046
-0.645   0.41
0.887   1.147
0.379   0.216
-0.59   -0.161
-0.271   -0.25
-0.188   -0.169
0.62   0.644
-0.799   -0.557
-0.27   -0.873
0.454   0.239
0.575   0.636
1.479   1.227
0.605   0.675
0.544   0.161
0.621   0.549
0.379   -0.102
0.266   0.159
1.491   1.403
0.432   1.045
1.235   1.206
0.636   0.564
-1.029   -0.682
-0.043   -0.659
0.944   1.05
0.366   0.512
1.114   1.017
-0.074   -0.056
0.055   -0.189
0.714   0.819
-0.038   0.608
-0.79   -0.905
-0.551   -0.578
-0.639   -0.585
-0.094   -0.539
1.27   1.637
0.635   0.038
0.501   1.038
0.452   0.659
0.456   -0.053
2.646   2.598
1.874   2.274
0.25   0.607
-1.05   -1.015
-0.387   -0.612
0.048   0.063
-0.032   0.339
1.957   1.455
1.818   1.991
-0.477   -0.696
0.714   0.413
0.172   -0.069
-0.131   -0.036
0.879   1.012
-0.332   -0.713
-1.693   -1.887
-0.887   -0.948
0.265   0.344
0.282   0.525
-0.415   0.043
0.132   -0.038
-0.656   -0.706
-0.241   -0.69
-0.929   -0.74
0.089   0.363
-0.433   0.183
-0.361   -0.137
-0.454   -0.564
0.52   0.408
-0.804   -1.465
0.741   0.996
-0.183   -0.384
-0.201   -0.168
-0.935   -0.762
0.74   1.494
-0.86   -0.704
-0.144   0.046
0.108   -0.419
0.024   -0.603
-0.295   -0.134
0.709   0.519
2.258   2.321
-0.568   -1.046
0.211   0.372
0.056   0.964
0.627   0.43
-0.327   -0.318
-0.038   -0.146
1.069   1.087
-0.304   -0.445
0.589   1.328
-0.236   -0.949
-0.462   -0.642
-0.609   -0.482
1.282   1.579
-0.714   -0.909
0.746   1.014
0.199   0.097
-0.415   -0.281
-0.114   -0.291
-0.05   0.806
0.922   1.057
0.355   0.241
-0.904   -0.563
-0.659   -0.523
0.942   0.958
-0.481   -0.733
-0.091   0.253
0.488   0.496
1.676   1.486
-0.185   -0.416
-0.444   -0.509
0.117   0.202
0.757   2.079
1.021   1.035
0.484   0.679
-0.87   -0.629
-0.171   -0.74
-0.322   -0.247
0.539   0.47
-0.959   -0.812
-0.529   -0.666
-0.555   -0.814
-0.772   -1.346
0.217   1.232
-0.724   -0.752
0.023   0.07
-0.541   -0.414
0.965   0.94
0.08   0.065
-0.818   -0.715
-1.261   -0.919
1.404   1.632
-0.095   -0.044
-0.966   -0.741
0.326   -0.49
0.368   0.256
0.24   0.479
1.342   1.687
1.055   1.062
-0.395   -0.419
0.688   0.228
0.053   0.206
0.729   1.042
0.882   0.73
1.97   2.074
1.396   1.346
0.009   -0.018
0.969   1.18
1.487   1.355
-0.69   -0.778
0.128   0.719
1.12   0.766
1.034   1.105
0.502   0.108
-0.329   -0.997
-0.375   0.293
1.314   1.175
-0.726   -1.548
1.256   1.199
0.548   0.248
-0.611   -0.716
0.481   0.637
-0.92   -1.137
0.102   -0.39
-0.581   -0.055
-0.73   -0.547
0.045   0.035
1.062   0.901
0.587   0.793
0.176   0.744
-0.118   0.087
0.14   0.113
0.922   1.108
-0.176   -0.15
0.392   0.279
0.26   0.655
-0.639   -0.807
0.217   0.215
-0.028   0.233
-0.328   0.214
1.443   1.335
0.981   1.021
0.363   0.416
0.837   0.662
1.209   0.518
-0.032   -0.091
-0.321   -0.483
0.207   -0.335
0.922   0.668
0.392   0.363
2.139   2.46
0.27   0.465
-0.577   -0.416
-0.219   -0.559
-0.46   -0.841
0.465   -0.068
-0.185   -0.489
1.838   2.085
1.194   2.011
0.578   1.99
0.229   -0.001
1.844   2.199
-0.667   -1.058
0.696   0.826
-0.597   -0.469
0.037   -0.05
-1.221   -1.408
-0.586   -0.972
0.454   0.871
-0.623   -0.81
-0.586   -0.583
0.732   0.701
1.429   1.103
0.191   0.447
1.238   0.879
1.123   1.203
0.735   1.124
1.834   2.236
0.965   1.209
0.419   0.417
-0.291   -0.462
-0.551   -0.25
-0.205   -0.342
-0.733   -1.022
1.31   1.214
0.133   -0.153
0.266   0.095
0.011   0.296
0.618   0.31
0.29   0.677
1.008   1.537
-0.74   -0.896
0.7   0.534
-0.089   0.168
1.493   1.093
1.205   1.455
-0.15   -0.567
-1.014   -1.097
0.529   0.327
-0.493   -0.308
-0.315   -0.711
-0.393   -0.399
0.229   0.286
0.346   0.984
-0.008   -0.648
-0.164   -0.736
-0.294   -0.275
-0.191   -0.753
-0.526   -0.749
0.236   -0.317
-0.198   -0.371
0.412   0.42
-0.303   0.234
1.023   1.247
0.155   0.133
0.427   0.579
0.269   0.008
-0.631   -0.749
-0.513   -0.603
0.35   0.233
1.405   1.909
1.267   1.324
0.49   -0.024
0.215   0.799
0.482   0.666
1.199   0.978
0.319   0.735
1.524   1.569
0.976   0.9
-0.27   -0.395
-0.05   0.395
0.648   1.429
0.509   0.196
0.837   0.81
0.602   0.509
-0.069   -0.285
0.872   0.755
1.363   1.155
0.257   0.212
-0.093   -0.112
0.019   -0.183
0.803   0.422
0.035   -0.167
-0.097   -0.296
-0.542   -0.297
2.339   2.318
1.488   1.355
1.581   1.552
-0.646   -0.543
-0.227   -0.098
-0.535   -0.868
-0.329   -0.41
0.424   0.298
-0.431   -0.898
0.623   0.506
0.826   0.747
0.814   1.038
-0.231   -0.375
0.006   -0.568
0.394   0.159
0.902   0.952
-0.202   0.05
-0.081   -0.067
0.386   0.493
-0.572   -0.91
-0.127   -0.599
0.925   0.768
0.094   0.124
0.11   0.54
0.397   0.7
-0.003   0.381
1.122   1.294
0.588   0.29
-0.693   -0.85
0.7   0.538
-0.578   -0.579
0.182   -0.307
0.599   0.721
-0.614   -1.224
-1.091   -1.57
0.304   0.436
-0.05   0.141
0.134   0.727
-0.604   -0.516
0.498   0.293
-1.334   -1.481
-0.795   -0.836
-0.615   -0.853
-0.157   -0.686
1.431   1.302
0.972   0.589
-0.195   -0.561
-0.116   0.076
-0.584   -0.625
1.913   1.653
-0.816   -0.621
1.806   2.016
-0.656   -0.704
-0.115   -0.157
1.057   1.058
-0.147   -0.471
0.871   0.919
1.214   0.959
1.691   2.006
0.918   1.088
0.344   -0.086
0.709   0.79
-0.143   -0.279
1.109   1.055
-0.535   -0.392
1.074   1.903
0.665   1.082
1.182   1.491
-0.415   -0.347
-0.275   0.162
-0.47   -0.667
1.345   1.327
0.675   1.059
1.34   1.134
-0.098   -0.192
0.851   0.953
1.687   2.015
-0.209   0.214
-0.202   -0.111
-0.508   -0.472
0.289   0.326
0.096   0.879
-0.712   -0.685
0.875   0.689
1.508   1.677
1.207   1.607
0.257   0.823
-0.334   -0.211
-0.528   -0.591
0.139   -0.045
-1.024   -0.771
0.277   0.439
-0.365   -0.854
-0.425   -0.605
0.345   0.761
0.763   0.92
0.434   0.95
-0.468   -0.545
0.108   0.385
1.184   1.494
-0.876   -1.057
0.511   0.432
0.899   0.982
0.749   0.696
0.177   -0.403
0.014   -0.61
-0.468   -0.597
-0.27   -0.19
-0.615   -0.657
-0.155   1.394
0.013   0.208
0.58   1.081
0.423   -0.719
0.927   1.194
1.504   1.549
1.273   0.933
-0.882   -0.899
0.636   0.188
0.574   0.798
-0.749   -0.422
0.719   1.149
1.394   1.369
0.538   0.487
1.591   1.201
1.024   1.067
-0.459   -0.767
0.291   0.09
1.608   1.493
-0.675   -0.58
1.107   1.088
-0.331   -0.673
0.517   0.492
-0.253   0.198
0.644   0.78
1.636   1.467
0.646   0.632
-0.49   -1.015
-1.042   -0.718
1.045   1.905
0.956   0.584
0.184   -0.612
-0.905   -0.772
-0.341   -0.512
-0.085   -0.682
0.053   -0.026
-0.115   -0.611
0.436   0.25
-0.85   -1.365
1.255   1.443
0.484   0.58
-0.262   -0.326
-0.051   0.037
1.364   0.743
-0.124   0.128
0.937   0.401
0.833   1.083
0.731   0.789
-0.834   -0.348
1.112   1.091
-0.071   -0.369
0.56   0.95
0.854   0.604
-0.88   -0.914
1.846   2.228
1.64   1.65
1.239   1.439
0.62   0.68
-0.399   -0.373
1.898   2.053
0.741   2.232
-0.49   -0.878
2.028   1.908
0.204   0.467
0.825   0.727
0.791   0.156
1.637   1.973
1.146   1.586
-0.289   -0.233
0.34   0.174
1.169   1.431
-0.678   -0.363
-0.175   0.188
-0.626   -0.528
0.955   0.796
0.623   0.614
-0.217   -0.18
1.653   1.715
-0.308   -0.543
-0.842   -0.989
0.912   1.102
-0.467   -0.348
-0.608   -0.881
-0.248   -0.278
0.694   0.616
0.328   -0.022
0.52   -0.442
0.745   0.461
0.113   -0.712
1.23   0.747
1.981   1.921
0.266   0.815
0.768   0.817
-0.647   -0.704
-0.199   0.252
-0.773   -0.861
0.066   0.118
0.177   0.59
1.461   1.84
0.474   0.44
0.304   0.311
0.458   0.734
0.48   0.957
1.251   1.141
-0.693   -0.635
1.352   1.991
-0.459   -0.633
1.792   2.091
0.293   0.406
0.951   0.973
-0.155   -0.041
0.899   1.009
0.275   0.282
1.061   1.184
-0.088   -0.513
-0.498   -0.245
0.489   0.647
-0.04   0.218
0.249   0.076
0.895   0.822
0.912   0.834
-0.209   -0.059
1.242   1.303
0.769   0.489
-0.788   -1.149
-0.453   0.108
0.904   -0.249
-0.537   -0.92
0.172   0.5
-0.162   0.142
-0.644   -0.441
0.979   1.045
0.516   0.499
0.657   0.686
0.048   0.545
0.582   0.603
1.652   1.669
2.111   3.042
-0.419   -0.584
1.426   1.253
-0.533   -0.644
1.332   1.52
0.113   -0.149
0.844   0.245
0.257   0.529
0.179   0.618
0.173   0.127
-0.186   -0.043
1.618   1.483
-0.166   0.616
0.764   1.425
-1.254   -2.091
0.562   0.532
-0.144   0.178
0.287   -0.06
1.435   1.946
1.003   1.524
-0.43   -0.277
1.49   1.623
0.021   0.341
0.673   -0.081
0.454   0.436
0.248   0.41
1.004   1.743
0.109   0.004
-0.35   -0.079
1.757   1.327
0.551   0.716
0.558   0.576
-0.517   -0.747
0.754   0.283
-0.337   -0.646
0.27   -0.04
-0.286   -0.012
1.615   1.366
-0.165   -0.19
1.252   0.663
-0.021   0.065
1.168   1.88
0.015   0.076
0.204   1.039
0.467   0.952
-0.8   -0.682
1.177   0.282
1.32   0.799
-0.393   -0.592
0.967   1.296
0.91   0.779
0.157   0.013
-0.979   -1.121
1.073   1.386
0.206   0.144
0.311   0.118
-0.352   -0.513
0.068   0.228
-0.694   -0.549
-0.336   -0.559
0.603   0.702
0.208   -0.092
1.667   1.317
0.656   0.412
0.592   0.816
-0.144   0.399
0.966   1.066
1.546   1.834
1.202   1.704
2.115   2.051
0.998   0.618
0.768   0.718
-0.369   -0.857
1.437   1.261
0.472   0.711
-0.29   -0.115
-0.039   -0.225
0.516   0.315
-0.751   -0.925
0.369   0.634
-0.249   -0.713
1.086   1.241
-0.219   0.059
-1.105   -1.484
1.438   1.364
-0.573   -0.635
0.112   0.406
0.278   0.294
0.045   0.471
-0.665   -0.625
0.214   0.312
-0.496   0.172
-0.293   -0.416
0.634   0.318
-0.093   -0.04
0.196   0.918
0.994   1.0
-0.428   -0.118
0.815   0.699
-0.19   -0.209
1.099   2.177
0.245   -0.216
-0.668   -0.357
-1.19   -0.973
0.342   0.37
0.25   -0.005
1.091   1.091
0.137   0.742
-0.839   -0.575
-0.326   -0.485
0.349   -0.232
0.831   0.626
-0.257   0.08
-1.327   -1.474
-0.069   -0.447
0.835   1.102
0.212   0.067
0.076   0.188
1.532   1.598
-0.162   0.186
0.395   0.28
0.086   0.189
1.294   1.404
-0.971   -1.056
0.527   0.903
-1.083   -1.013
-0.346   -0.716
-0.519   -0.685
-0.852   -0.905
0.931   0.997
-0.571   -0.697
-0.949   -1.2
0.581   0.232
1.708   1.907
0.892   0.76
0.076   0.12
2.68   2.285
-0.399   -0.743
1.236   1.289
-1.177   -0.811
-1.245   -1.533
0.507   0.326
-0.62   0.624
0.748   0.793
-0.621   -0.346
-0.773   -0.692
0.69   0.742
0.896   -0.313
0.744   0.648
1.234   1.384
0.152   -0.033
0.126   0.691
0.922   1.538
0.375   -0.003
1.139   1.203
-0.786   -0.961
0.177   0.314
0.2   0.057
0.657   0.756
0.359   0.213
0.773   0.825
-0.295   -0.615
0.73   0.556
-0.473   -0.483
-0.034   -0.631
-0.015   -0.789
0.741   -0.16
-0.737   -0.689
-0.251   0.369
0.264   0.428
0.487   0.717
-0.324   -0.302
-0.026   -0.09
0.196   0.669
0.026   0.216
0.068   0.539
0.56   0.426
-0.668   -0.472
0.718   0.427
0.839   0.917
1.633   1.741
0.419   0.42
0.35   0.044
-0.519   -0.56
-0.607   -0.463
1.109   1.063
1.026   1.251
-0.249   0.106
1.867   1.398
-0.268   -0.118
-0.991   -0.969
0.328   0.251
-0.315   -0.327
0.365   0.783
0.612   0.718
0.348   0.684
-0.036   -0.448
-0.459   -0.735
0.407   0.511
0.231   -0.107
1.713   1.763
0.175   0.111
1.103   1.018
-0.461   -0.631
-0.299   -0.101
-0.399   -0.39
0.414   0.46
0.253   0.528
0.195   0.284
0.16   -0.049
0.769   0.946
1.306   1.277
-0.638   -0.022
-0.036   -0.272
0.328   0.591
0.263   -0.233
-0.076   -0.152
-0.628   -0.695
-1.116   -1.255
-0.168   -0.465
0.298   0.09
-0.071   -0.001
0.737   1.078
1.045   0.526
1.208   1.186
0.27   -0.114
-0.54   -0.751
-0.617   -0.461
0.629   0.687
0.23   0.643
1.134   1.233
0.153   0.375
-0.309   0.094
-0.322   -0.117
-0.408   -0.232
0.334   -0.011
-0.278   -0.549
0.531   0.264
-1.034   -1.086
-0.444   -0.465
1.446   1.579
-0.085   0.308
0.284   0.451
0.74   0.814
-0.022   0.07
0.167   -0.062
0.166   0.124
-0.214   -0.363
0.951   0.895
-0.646   -0.407
0.305   0.425
1.271   1.198
-0.708   -0.4
1.444   1.79
-0.697   -0.718
0.945   1.181
-0.386   -0.607
-0.328   -0.808
0.242   0.411
-0.513   -0.492
-0.258   -0.681
0.109   0.239
-1.151   -0.378
-0.731   -0.838
0.369   0.323
-0.491   -0.623
-0.708   -0.975
0.441   0.875
-0.469   -0.473
0.801   0.971
0.255   0.227
-0.296   -0.631
0.471   0.482
-0.588   -0.863
1.347   1.571
0.008   -0.421
0.787   0.75
1.055   1.242
-0.041   -0.675
-0.168   -0.28
-0.793   -1.091
-0.637   -0.498
-0.338   -0.85
1.341   1.265
-1.677   -1.572
-0.396   -0.559
1.427   1.861
-0.256   -0.161
-0.548   -0.276
-0.031   -0.777
0.306   0.37
0.07   0.312
0.926   0.867
1.64   2.595
1.853   1.833
0.855   0.679
-0.543   -0.516
0.341   0.558
1.719   2.104
1.676   1.465
0.071   -0.154
1.196   1.254
-0.736   -0.911
0.559   0.86
-0.336   -0.384
-0.401   -0.568
-0.717   -0.781
1.163   0.799
-0.232   0.148
0.506   0.416
-0.177   -0.327
0.745   0.598
0.38   0.642
0.403   0.686
0.071   -0.059
0.128   0.618
-0.207   -0.41
-1.157   -0.564
-0.595   -0.596
0.974   1.331
0.078   0.441
-0.161   -0.575
0.599   0.135
-0.035   0.2
0.931   1.075
-0.521   -0.505
0.681   -0.21
-0.201   0.065
-0.137   -0.477
1.491   2.016
0.865   0.929
0.765   0.944
-0.024   -0.285
-0.23   -0.549
-0.664   -0.696
0.559   0.783
0.963   1.101
-0.249   0.798
0.274   -0.204
-0.532   -0.496
0.769   0.88
0.219   -0.182
0.774   1.103
0.223   -0.04
1.099   1.45
-1.315   -0.943
-0.595   -0.667
0.52   0.971
0.915   0.871
1.195   0.825
0.673   0.613
-0.694   -0.93
-0.951   -1.07
0.384   0.369
0.6   0.405
-0.308   -0.627
1.483   1.331
0.172   -0.082
1.154   1.021
0.469   0.565
-0.115   0.617
-0.864   -0.624
1.116   0.816
0.213   0.41
-0.076   -0.134
-0.322   -0.456
-0.282   -0.142
0.46   0.784
1.127   1.035
-0.038   0.45
0.265   0.183
-1.454   -1.45
-0.407   -0.824
1.319   1.351
0.089   -0.949
0.493   0.677
0.125   0.252
0.112   -0.308
-0.756   -0.549
0.092   0.744
-0.949   -0.536
0.503   1.107
-0.164   -1.06
0.763   0.965
0.766   1.261
0.505   0.651
2.031   2.343
-0.645   -0.876
-0.241   -0.102
0.495   0.306
-0.209   -0.387
1.518   1.283
0.824   0.702
0.308   0.364
-0.675   -0.644
1.173   1.626
-0.871   -0.896
0.16   0.616
0.529   0.693
0.693   0.619
0.298   0.981
1.782   1.516
0.823   0.898
0.154   0.218
-0.489   -0.859
-0.017   0.367
0.253   -0.48
-0.546   -0.37
-0.459   -0.557
0.572   0.785
0.81   1.031
0.072   0.005
0.295   0.443
1.066   1.066
0.29   0.732
0.274   0.086
-0.462   -0.927
0.429   0.644
0.03   0.035
0.03   0.2
0.482   0.085
1.707   2.071
0.125   -0.206
0.18   0.333
-1.164   -0.977
1.176   0.972
-0.503   -0.786
-0.316   -0.894
-0.228   0.116
-0.0   0.112
-0.005   0.111
0.648   0.61
0.483   -0.219
-1.365   -1.182
0.585   0.729
-0.751   -0.676
-0.001   -0.589
0.153   0.408
1.241   1.583
0.405   0.484
0.072   0.382
0.002   0.461
0.185   0.449
0.29   0.149
0.911   1.129
0.401   0.948
-0.283   0.191
-0.766   -0.922
0.63   0.564
0.371   0.566
-0.735   -0.86
0.656   0.704
-0.034   0.338
0.256   0.298
0.292   0.448
1.073   1.389
0.115   -0.318
-0.514   -0.146
-0.559   -0.703
0.392   0.212
-0.082   -0.31
-0.172   -0.345
-0.118   0.056
0.877   0.656
-0.287   -0.108
1.585   2.288
-0.579   -0.34
-0.915   -0.886
-0.228   -0.472
-0.178   -0.878
0.811   0.671
0.63   0.442
1.224   1.112
0.239   -0.298
1.565   1.056
0.298   0.381
0.651   1.477
-0.255   0.253
1.135   1.005
0.164   0.534
1.003   1.257
0.087   0.046
1.281   1.546
1.423   1.456
-0.368   -0.63
-0.098   0.052
0.505   0.571
-0.597   -0.825
0.498   0.693
1.256   1.352
0.533   0.472
0.9   0.973
1.764   1.606
0.586   0.616
-0.29   -0.161
1.146   1.209
1.022   1.783
0.073   -0.202
0.034   0.412
0.378   0.634
0.231   0.536
2.364   2.206
0.916   1.088
0.787   0.589
-0.594   -0.791
0.906   1.339
0.12   -0.026
-0.599   -0.661
0.468   0.548
1.81   2.289
-0.195   0.403
0.34   0.638
0.537   0.477
-0.354   -0.413
0.09   0.712
-0.068   -0.43
1.527   1.417
1.23   1.344
1.89   1.282
-0.631   -0.133
0.844   0.882
-0.443   -0.823
0.852   1.019
-1.282   -1.754
-0.607   -0.972
0.924   0.407
-0.291   -0.266
-0.728   -0.687
0.741   0.4
-0.8   -0.747
-0.155   -0.319
0.121   0.176
1.07   0.52
0.509   0.561
-0.806   -0.787
0.511   0.306
1.51   1.9
0.084   -0.433
1.106   0.798
0.383   0.734
0.806   0.801
0.302   1.165
-0.902   -0.735
0.127   0.01
-0.139   0.058
-0.301   -0.757
1.246   1.904
-0.097   -0.599
-0.832   -0.644
0.095   0.008
0.349   0.001
0.838   0.446
0.734   0.764
-0.437   -0.764
-0.058   0.215
0.007   -0.053
1.1   1.42
0.775   0.727
-0.891   -1.231
-0.637   -0.969
-0.665   -0.782
-0.093   -0.592
-0.185   0.626
0.098   -0.328
1.561   1.55
-0.157   0.076
2.773   2.686
-0.58   -0.837
0.534   0.717
-0.371   -0.315
-0.477   -0.586
1.301   1.629
1.072   1.02
0.598   1.408
0.01   -0.289
0.95   0.697
0.639   1.103
-0.443   -0.367
0.38   0.662
-0.16   -0.382
0.252   -0.036
1.401   1.202
0.117   -0.264
1.062   0.995
-0.27   -0.411
0.493   0.859
1.177   0.951
-1.171   -0.937
0.4   0.411
0.603   0.658
0.135   -0.038
-0.052   -0.019
-1.139   -1.111
-0.627   -0.602
1.473   1.486
0.358   0.118
0.22   -0.241
0.856   0.421
0.129   0.058
0.13   0.424
0.434   0.343
-0.12   -0.272
-0.437   -0.698
-0.384   -0.66
1.358   0.879
1.525   2.104
-0.653   -0.67
1.184   1.055
-0.384   -0.364
-0.19   -0.508
1.116   1.131
0.651   0.422
1.429   0.333
0.693   0.783
1.125   1.151
-0.113   -0.122
-0.365   -0.746
-0.173   0.617
-0.896   -0.868
1.289   0.993
-0.182   -0.453
-0.831   -0.697
0.602   0.802
1.267   1.785
1.556   1.918
2.539   2.091
-0.202   -0.005
-0.163   -0.683
-0.524   -0.635
0.251   -0.886
1.607   1.529
-0.323   -0.389
-0.167   0.178
0.546   0.596
-1.266   -1.103
1.085   1.138
0.656   0.454
0.341   0.305
0.016   0.297
1.039   0.777
1.566   2.125
0.449   0.445
1.276   0.521
-0.552   -0.452
1.774   1.352
0.694   0.626
0.603   0.677
0.606   0.161
1.147   1.068
0.816   1.051
-0.502   -0.697
0.808   0.539
1.241   1.275
0.125   0.087
0.25   0.133
-0.726   -0.674
-1.137   -1.126
0.38   0.385
1.629   1.36
-0.953   -0.578
0.316   0.691
1.65   1.67
0.672   0.537
1.783   1.544
0.312   0.036
-0.419   -0.305
-0.558   0.057
-0.861   -0.507
-0.196   -0.829
1.283   1.474
-0.233   -0.409
-0.434   -0.774
-1.136   -0.975
0.991   0.764
-0.263   -0.249
0.05   0.407
0.039   0.051
-0.28   -0.646
-0.473   -0.512
1.485   1.691
0.601   0.8
0.359   -0.562
0.649   0.913
0.096   0.02
-0.189   0.026
0.47   1.183
-0.5   -0.621
0.541   0.49
-0.044   0.186
0.178   0.702
0.673   0.841
1.844   1.685
-0.689   -0.676
-0.065   -0.518
0.347   -0.264
-0.143   -0.534
-0.771   -0.891
1.337   1.411
-0.216   -0.875
-0.156   0.019
-0.273   -0.2
0.703   0.541
1.364   1.614
1.553   1.581
-0.413   -0.762
-0.007   0.274
1.343   1.572
-0.142   -0.434
-0.053   -0.419
-0.267   0.07
1.606   1.499
0.561   0.677
-0.983   -1.028
-0.141   0.046
0.69   0.693
-0.103   -0.256
-0.548   -0.737
0.804   0.742
0.165   0.407
2.257   2.304
0.455   0.804
0.427   0.993
0.334   1.156
1.169   1.063
1.108   0.951
2.034   1.734
-1.418   -1.533
0.354   0.868
-0.407   -0.493
0.284   0.506
-0.471   -0.862
1.508   1.477
-0.439   -0.615
0.092   -0.343
-0.663   -0.659
0.607   0.313
-0.437   -0.632
0.608   -0.084
1.384   1.447
0.363   0.716
-0.623   -0.611
-0.432   -0.624
0.375   0.489
0.186   0.314
1.066   0.385
0.028   -0.051
-0.371   -0.189
0.808   1.397
-0.619   -0.705
1.073   1.308
0.355   0.48
0.578   0.689
-0.639   -1.084
-1.051   -1.071
0.911   0.748
0.58   0.406
1.162   1.175
-0.059   -0.05
-0.831   -1.22
0.253   0.143
0.903   1.002
-0.754   -0.932
0.582   1.158
0.459   0.995
0.622   0.995
0.407   0.548
-0.544   -0.163
1.745   1.79
1.436   1.849
0.003   0.072
-1.291   -0.975
-0.162   -0.633
0.327   0.404
0.137   0.136
-0.255   0.079
0.508   0.762
1.483   0.971
1.056   1.247
1.518   0.561
-0.447   -0.548
1.414   1.36
0.389   0.356
1.456   1.242
-0.879   -0.711
1.312   1.069
-0.435   -0.72
0.937   0.972
1.707   1.597
-0.214   -0.407
0.007   0.01
0.123   0.073
-0.154   -0.212
1.119   0.813
-0.428   -1.081
0.286   0.296
0.598   0.717
0.881   0.93
-0.263   -0.965
0.119   0.422
0.011   -0.627
-1.024   -1.133
0.349   1.203
-0.897   -1.045
-0.465   -0.406
-1.243   -1.185
1.343   -0.151
-0.935   -0.576
-0.206   -0.743
-0.11   0.312
0.105   -0.077
-0.012   0.584
-0.388   -0.432
0.093   0.053
-0.05   0.651
-1.086   -0.625
-0.617   -0.621
0.962   0.851
0.707   0.767
-0.411   -1.041
1.036   0.732
0.354   1.17
1.926   1.93
0.081   0.769
0.311   0.442
-0.252   0.093
0.496   0.674
-0.65   -1.047
0.12   0.21
-0.124   0.322
0.942   0.497
0.231   1.265
-0.298   -0.046
0.318   0.352
0.333   0.627
-0.575   -0.515
0.954   0.539
-0.263   0.218
-0.452   -0.847
1.207   1.295
0.156   -0.521
0.666   0.636
1.191   1.491
-0.325   0.112
-0.486   -0.655
-0.007   -0.155
1.296   1.164
0.442   0.365
-1.071   -0.939
-0.209   -0.557
-0.638   -0.742
-0.821   -0.764
-0.167   -0.21
-0.115   0.472
-0.73   -0.735
0.213   0.724
0.581   0.514
-0.561   -0.803
0.212   0.343
2.627   2.799
-0.284   -0.301
0.171   0.119
2.115   1.601
0.7   0.639
0.373   0.774
-0.45   -0.414
0.938   1.322
1.109   1.265
-0.018   0.032
0.562   0.69
-0.743   -0.652
1.016   1.325
-0.826   -0.82
0.509   0.187
1.914   2.461
0.111   -0.001
0.222   -0.473
-0.457   -0.644
-0.444   -0.628
-1.381   -1.688
0.476   0.772
-0.062   0.068
0.142   0.43
1.867   1.996
-0.086   -0.19
2.238   1.734
-0.684   -0.983
0.064   -0.42
-0.753   -0.621
1.15   1.203
1.458   1.394
0.235   -0.642
0.297   0.504
-0.361   -0.412
1.906   1.634
0.523   0.698
-0.324   -0.588
0.621   1.083
-0.776   -0.711
0.029   0.258
-0.649   -0.619
1.367   1.345
0.508   0.89
0.4   -0.39
0.596   1.03
0.247   0.298
-0.533   -0.66
-0.839   -0.834
-0.871   -0.596
-0.244   0.02
0.85   1.043
-0.298   -0.302
-0.59   -0.565
0.332   0.803
1.109   0.589
0.6   0.621
-0.061   -0.346
0.912   2.068
-0.066   -0.63
1.177   0.903
0.075   -0.906
-0.442   0.134
-0.157   -0.686
0.819   1.001
0.594   0.869
-0.236   -0.667
0.111   0.188
0.339   0.107
-0.201   -0.099
-0.707   -0.839
1.625   1.636
0.455   0.314
0.108   0.681
-0.775   -0.515
0.595   0.519
0.413   0.473
1.793   1.561
-0.638   -0.755
-0.003   0.226
1.662   1.172
0.631   1.032
-0.212   -0.04
1.609   1.717
0.427   0.241
0.758   0.946
-0.752   -0.49
-0.069   -0.671
-0.599   -0.471
-0.395   -0.316
0.229   0.185
0.067   0.351
0.58   0.796
-0.538   -0.658
0.608   1.092
-0.051   0.171
-0.298   -0.394
0.236   0.235
0.792   0.955
-0.963   -0.805
0.611   0.874
1.025   1.147
0.563   -1.347
0.855   1.425
0.991   1.02
0.614   0.591
0.637   0.187
-0.5   -0.733
0.313   0.273
-0.46   -0.091
0.766   0.894
-0.092   -0.172
-1.084   -0.919
0.32   0.376
0.276   0.124
-0.812   -1.102
0.618   0.739
-0.544   -0.055
0.182   0.105
0.302   0.409
-0.415   0.242
0.101   0.684
0.043   0.265
0.109   -0.05
-0.1   -0.115
0.429   0.394
0.021   0.272
-0.013   0.193
1.222   1.335
0.861   0.899
0.327   0.649
1.276   1.303
-0.055   -0.105
0.036   0.094
0.202   -0.28
0.513   0.518
2.839   3.065
-0.757   -0.708
1.055   0.82
-0.164   -0.115
0.555   0.553
0.32   0.307
-0.545   -0.782
0.067   0.421
0.264   0.405
0.041   0.09
-1.007   -0.559
-0.321   -0.359
0.414   0.468
0.035   0.555
0.36   0.834
-0.047   0.038
-0.004   0.031
1.125   1.011
0.429   0.639
0.771   0.778
1.063   1.113
-0.405   -0.429
-0.603   -0.524
-0.902   -0.731
-0.324   -0.599
-0.828   -0.807
0.823   1.149
0.716   0.923
0.312   0.541
0.789   0.696
0.902   0.719
0.549   1.036
0.244   -0.487
0.675   0.604
0.338   1.027
-0.886   -0.681
0.275   0.516
1.007   1.522
0.075   0.289
-0.315   0.284
-0.194   -0.814
-0.25   -0.139
-0.305   -0.477
-0.712   -0.758
-0.427   -0.881
1.59   1.629
-1.153   -1.453
0.996   0.985
-0.948   -0.74
0.259   0.425
-0.253   1.044
0.68   0.809
-0.585   -0.61
-0.014   0.28
0.731   0.106
-0.506   -0.38
0.682   0.641
0.502   1.033
-0.299   -0.204
-0.501   -0.592
0.314   1.107
-0.323   -0.273
0.118   0.09
-0.042   -0.185
0.069   0.206
1.349   2.146
1.859   1.664
1.398   1.928
-0.662   -1.289
1.088   1.742
1.526   1.518
1.121   0.738
-0.44   -0.897
-0.011   -0.256
-0.43   -0.17
0.29   0.689
1.762   1.553
1.099   1.145
-0.005   0.177
-0.146   -0.383
-0.125   -0.121
-0.61   -0.836
0.471   1.085
0.609   0.244
0.194   0.397
0.668   0.374
1.756   1.512
0.648   0.832
-0.148   -0.493
1.72   2.211
0.081   0.332
0.383   0.615
0.735   0.959
-0.245   0.133
0.689   0.836
0.775   0.739
1.281   1.404
-0.438   -0.341
-0.465   -0.861
0.987   1.196
1.756   1.878
0.334   0.599
0.653   0.33
0.435   0.165
0.33   0.29
1.935   1.629
0.19   0.539
-0.557   -0.606
-0.366   0.43
0.76   1.174
1.26   1.312
0.573   -0.038
1.006   1.254
-0.099   0.44
0.848   1.591
0.225   0.126
-0.093   0.407
0.464   0.912
0.843   0.818
0.235   0.227
-0.274   -0.466
0.017   -0.558
1.012   0.778
0.611   0.764
1.432   1.039
0.305   -0.345
-0.445   -0.889
-0.031   0.208
1.44   1.561
0.185   0.604
0.192   0.87
-0.65   -0.753
0.282   1.512
-0.072   0.005
-0.561   -0.39
0.456   0.565
-0.78   -0.841
0.375   0.494
0.475   0.246
-0.349   -0.449
1.312   2.337
1.014   0.711
0.732   0.118
-0.694   -0.487
0.142   0.28
-0.327   -0.462
0.542   0.756
0.025   -0.304
1.212   1.287
0.889   0.759
1.137   2.125
-1.045   -1.367
-0.249   -0.265
-0.685   -0.626
0.318   0.608
1.382   1.143
1.305   1.448
0.198   -0.705
-1.286   -0.911
0.245   0.096
0.881   1.081
1.113   0.971
0.291   0.474
-0.367   -0.691
0.647   1.281
-0.958   -1.253
-0.132   -0.287
-0.116   -0.466
0.89   1.724
1.451   1.574
0.873   0.692
-0.14   0.432
1.112   0.684
-0.922   -1.01
0.087   0.252
-0.435   -0.3
-0.603   -0.942
0.877   1.262
-0.704   -0.801
1.472   1.512
0.075   0.311
0.972   0.697
0.104   0.521
0.037   -0.003
1.943   1.839
1.222   1.226
-0.037   0.496
0.536   0.316
-0.319   -0.155
-0.351   -0.865
1.022   0.926
0.823   1.133
-0.546   0.29
0.923   0.537
-0.736   -0.347
0.605   1.035
-0.217   0.233
0.004   0.447
-0.141   -0.72
1.699   1.462
-0.066   -0.022
-0.51   -0.749
0.524   0.89
1.105   1.371
0.549   0.299
-0.491   -0.92
1.663   1.144
-0.063   -0.145
0.935   1.025
1.243   1.648
-0.629   -0.344
1.698   1.527
1.224   1.243
0.504   0.397
0.822   1.874
-0.811   -0.816
-0.432   0.072
-0.198   -0.007
-0.042   -0.4
0.731   1.348
-0.976   -0.861
0.103   0.7
0.02   -0.235
0.307   0.29
0.117   0.401
0.768   0.792
0.094   -1.073
0.519   0.717
-0.223   -0.315
0.746   1.329
0.802   1.203
-0.419   -0.685
-0.402   -0.634
-1.086   -0.488
0.744   0.481
-0.166   -0.144
0.618   0.23
0.47   0.592
0.426   0.279
0.604   0.565
0.205   -0.235
0.385   0.599
-1.093   -0.884
0.768   1.084
0.31   0.929
1.392   1.43
-1.036   -0.91
-0.812   -0.151
0.575   0.503
1.482   1.712
-0.344   0.003
-0.587   -0.761
0.037   0.885
0.26   0.18
-0.17   0.254
1.045   0.97
-0.222   0.32
0.601   0.872
-0.489   -0.74
0.743   0.14
-0.633   -0.73
-0.3   -0.772
-0.706   -1.069
-0.041   -0.156
0.668   0.858
0.267   0.484
0.047   -0.113
0.842   1.147
1.093   0.719
1.278   1.443
-0.179   -2.917
0.38   0.637
0.15   0.116
-1.088   -0.027
0.408   0.794
0.343   1.722
0.975   1.056
0.084   0.334
0.079   -0.055
1.11   1.007
1.412   1.798
0.037   0.256
-1.583   -1.122
0.803   1.018
0.264   0.182
-0.46   -0.444
1.069   0.908
0.072   -0.052
-0.267   -0.551
-0.156   0.015
-0.285   -0.661
0.886   1.19
-0.16   -0.479
0.429   0.727
0.985   1.13
0.185   0.484
-0.304   0.031
-0.383   0.268
0.971   0.377
1.367   1.057
-0.325   -0.98
-0.039   -0.629
-1.152   -1.11
0.365   0.928
-0.476   -0.728
0.188   0.169
0.82   1.182
0.775   0.698
0.378   0.315
-0.33   -0.58
-0.367   -0.108
0.199   -0.445
-0.028   0.518
0.688   0.449
0.761   1.172
-0.327   -0.469
0.802   1.063
0.756   1.122
-0.769   -0.768
-0.055   -0.131
-0.785   -0.942
-0.901   -0.621
-0.565   -0.651
0.048   0.248
-0.296   0.134
0.019   -0.574
0.322   0.596
0.192   -0.022
-0.297   -0.378
0.098   -0.008
-0.25   -0.367
0.175   0.689
-0.031   -0.297
-0.755   -0.762
-0.234   0.214
0.25   0.316
0.495   0.807
-0.163   -0.359
-0.702   -0.68
-0.784   -0.691
-0.177   -0.017
-0.955   -1.036
1.918   1.835
-0.165   0.3
0.246   0.09
1.69   1.886
1.175   1.218
-0.691   -1.352
0.496   1.109
-0.746   -0.681
0.006   0.236
1.613   1.866
-0.164   0.077
0.21   -0.012
0.384   0.146
0.536   0.323
0.157   0.108
-0.329   0.227
-0.701   -0.653
-0.676   -0.644
0.763   0.837
0.966   0.714
-0.422   -1.28
-0.637   -0.913
0.847   0.677
0.003   0.35
-0.598   -0.63
0.449   0.576
0.762   0.969
0.318   -0.258
0.096   0.137
-0.08   -0.104
-0.452   -0.534
-0.225   0.387
-0.231   0.5
0.725   0.403
0.719   0.659
0.804   1.247
0.291   0.061
-0.495   -0.601
0.909   0.828
0.649   0.601
0.557   1.057
0.522   0.173
1.051   1.403
1.159   1.171
0.58   0.706
-0.357   -0.378
0.646   0.513
1.019   1.193
-0.075   -0.555
1.213   0.547
1.537   2.062
-0.511   -0.608
-0.941   -0.76
0.661   0.263
0.281   0.444
0.586   0.377
-0.208   0.265
0.523   0.238
-0.155   -0.607
0.131   1.067
-1.373   -1.08
0.724   0.58
-0.391   -0.342
-0.278   -0.378
1.095   1.421
0.46   -0.484
1.008   1.075
1.389   1.37
0.523   0.524
0.158   -0.124
0.366   0.579
-0.237   -0.779
0.511   0.413
0.699   0.705
0.974   1.066
1.439   2.177
0.868   1.022
-0.622   -0.592
-0.343   -0.01
-0.474   -0.671
1.067   1.049
0.99   0.849
0.282   -0.344
1.46   2.537
-0.817   -1.019
1.356   1.489
0.018   0.195
0.183   -0.543
-0.483   -1.065
0.067   -0.18
-0.183   0.131
0.459   0.049
0.543   0.481
0.645   0.198
-0.896   -0.709
-0.727   -0.867
0.736   0.794
0.31   -0.274
-0.984   -0.88
-0.544   -0.665
-0.654   -0.663
-0.024   -0.008
-0.008   0.938
0.877   0.571
0.564   0.861
-0.406   -0.507
0.284   0.262
0.374   0.667
-0.013   -0.192
-0.938   -0.655
0.555   0.2
-0.207   0.153
0.295   0.25
-0.659   -0.8
0.004   0.248
0.699   0.514
0.48   0.629
2.309   2.487
-0.346   0.071
-0.112   0.324
0.764   0.986
0.468   0.637
-0.527   -0.041
0.464   0.161
0.815   1.04
0.287   0.698
-0.492   -0.411
0.586   0.375
-0.885   -1.319
0.158   0.242
0.157   0.382
-0.286   -0.756
0.15   0.363
-0.015   -0.318
-0.045   0.015
0.905   0.885
-0.903   -0.858
-0.839   -0.544
0.787   1.401
1.502   1.737
0.517   1.097
0.001   -0.236
-0.266   -0.336
0.459   0.615
0.826   0.751
0.285   0.195
-0.702   -1.053
0.052   -0.107
0.209   0.451
-0.643   -0.752
1.306   1.097
0.02   -0.071
-0.337   -0.239
0.388   0.509
1.333   1.39
-0.305   -0.115
1.217   1.196
-0.267   -0.435
-0.396   -0.652
-0.182   0.385
-0.222   -0.381
-0.353   0.044
-0.474   -0.598
-0.549   -0.374
0.99   0.876
1.14   1.134
0.665   0.198
0.512   0.2
1.239   0.872
-0.677   -0.711
0.26   0.623
1.033   0.765
0.565   0.819
0.092   0.164
-0.099   0.467
-0.434   -0.706
1.012   0.778
-0.249   -0.422
0.347   0.737
1.359   1.936
-0.86   -0.668
-0.127   0.545
-0.634   -0.753
0.794   1.035
-0.14   -0.228
-0.78   -1.126
0.954   0.893
0.545   0.813
1.772   1.502
-0.433   -0.728
-0.533   -0.816
0.206   0.039
-0.295   -0.354
-0.457   -0.37
-0.046   -0.057
-0.202   0.73
-0.892   -0.914
0.78   0.392
0.35   0.082
0.481   -0.66
-0.105   0.362
0.438   0.331
0.626   0.545
-0.104   0.327
-0.357   -0.485
-0.635   -0.375
0.263   0.529
-0.948   -0.891
1.177   1.463
0.183   0.287
0.013   -0.304
1.447   1.583
-0.824   -0.491
-0.049   -0.004
-0.163   -0.125
1.366   1.305
-0.617   -0.594
-0.532   -0.39
-0.309   -0.881
-0.707   -0.428
0.975   0.999
0.759   0.515
-0.477   -0.294
0.329   0.658
-0.272   0.711
-0.485   -0.688
0.562   -0.038
-0.397   0.076
-0.665   -0.851
-0.981   -1.063
-0.669   -0.482
0.313   0.501
0.92   1.346
1.106   1.322
1.263   0.962
1.538   1.373
-0.346   -0.211
0.876   0.657
0.325   0.113
-0.176   0.159
-0.87   -0.95
0.872   1.083
-0.631   -0.405
-1.035   -0.891
0.306   0.435
1.248   1.736
-0.409   -0.022
-0.896   -0.884
1.077   1.406
0.342   0.705
0.664   0.472
-0.456   -0.514
-0.28   -0.525
0.454   0.158
-0.475   -0.471
0.495   0.392
-0.517   -0.081
-0.764   -0.823
-0.533   -0.682
-0.421   -0.988
0.191   0.197
-0.422   0.111
0.266   -0.129
-0.085   -0.645
0.286   0.437
1.489   1.443
0.229   0.435
2.081   2.269
0.596   0.526
-0.231   -0.101
0.36   0.482
-0.272   -0.508
0.955   1.229
-0.361   -0.973
-0.324   -0.547
0.129   0.497
-0.154   -0.964
-0.437   -0.348
0.087   0.07
1.028   1.037
0.193   0.516
-1.16   -1.347
-0.129   0.17
-0.033   -0.417
-0.318   -0.435
0.059   0.561
-0.667   -0.652
-1.318   -2.691
-0.3   -0.367
0.823   0.255
0.688   0.222
-0.177   -0.104
1.657   1.538
-0.47   -0.491
1.968   1.959
1.505   1.496
1.31   1.062
1.597   1.408
0.988   0.423
0.607   0.959
-0.224   -0.29
0.628   0.409
-0.273   -0.387
0.715   0.959
-0.261   -0.208
1.511   1.502
-0.558   -0.646
-0.313   -0.661
-0.588   -0.701
0.103   -0.195
0.016   -0.146
0.022   -0.199
-1.051   -0.808
-0.126   0.206
0.538   -0.269
0.08   0.024
-0.695   -0.639
1.904   2.112
-0.278   -0.218
1.093   1.039
-0.406   -0.546
-0.728   -0.455
0.656   0.625
-0.18   -0.151
1.152   0.946
-0.293   -1.159
-0.78   -1.588
-0.46   -0.135
0.424   0.785
0.426   0.057
-0.427   -0.118
0.289   -0.432
1.944   1.642
1.452   1.468
0.559   0.764
0.886   1.043
-0.929   -0.904
0.857   0.457
-0.201   0.093
0.165   -0.639
-0.278   -0.576
-0.602   -0.483
0.179   0.816
0.44   0.669
0.401   0.248
0.188   0.212
1.0   0.607
-0.143   -0.543
-0.008   0.493
0.133   0.75
-0.192   -0.664
0.61   0.608
1.586   1.475
0.093   0.36
0.308   0.519
-0.309   -0.491
-0.404   -0.568
0.319   0.243
0.552   0.453
-0.895   -0.812
0.855   0.704
