-0.021   -0.156
-0.548   -0.584
-0.11   -0.192
-0.065   -0.14
-0.057   -0.175
-0.335   -0.179
-0.096   -0.116
-0.228   -0.175
-0.18   -0.196
-0.226   -0.204
0.11   -0.087
-0.18   -0.208
0.008   -0.11
-0.311   -0.277
-0.074   -0.298
-0.172   -0.116
-0.127   -0.175
-0.086   -0.077
-0.125   -0.135
-0.14   -0.14
-0.013   -0.17
-0.007   -0.11
-0.445   -0.077
-0.165   -0.123
0.038   -0.077
-0.159   -0.2
0.062   -0.123
-0.205   -0.156
-0.009   -0.103
-0.349   -0.2
-0.257   -0.135
-0.119   -0.212
-0.291   -0.258
-0.036   -0.188
-0.308   -0.22
-0.124   -0.166
-0.175   -0.196
0.226   -0.116
-0.131   -0.151
-0.143   -0.179
-0.111   -0.14
-0.168   -0.245
-0.016   -0.156
-0.135   -0.184
0.152   -0.077
-0.245   -0.307
-0.022   -0.129
-0.08   -0.14
-0.049   -0.146
-0.018   -0.146
-0.158   -0.103
-0.177   -0.103
-0.121   -0.146
-0.039   -0.184
-0.14   -0.192
-0.085   -0.146
-0.138   -0.17
-0.119   -0.166
-0.093   -0.179
-0.346   -0.166
-0.062   -0.116
0.079   -0.17
-0.361   -0.188
-0.213   -0.077
0.069   -0.116
-0.192   -0.17
-0.188   -0.11
3.964   4.551
-0.111   -0.146
-0.154   -0.196
-0.331   -0.129
-0.11   -0.077
-0.089   -0.095
0.057   -0.146
-0.097   -0.313
-0.158   -0.179
10.374   11.559
0.017   -0.151
0.14   -0.087
-0.203   -0.2
0.892   0.808
-0.281   -0.129
6.039   6.623
-0.106   -0.204
-0.194   -0.2
-0.104   -0.11
-0.176   -0.123
0.007   -0.208
-0.061   -0.17
-0.167   -0.151
-0.187   -0.208
-0.232   -0.156
-0.26   -0.156
-0.08   -0.055
-0.015   -0.212
-0.104   -0.14
-0.056   -0.087
4.071   4.551
-0.101   -0.11
-0.201   -0.151
-0.172   -0.14
0.076   -0.135
-0.118   -0.231
0.159   -0.087
0.006   -0.14
-0.06   -0.156
-0.297   -0.161
-0.148   -0.156
-0.167   -0.123
-0.083   -0.129
-0.111   -0.192
-0.203   -0.116
0.131   -0.087
-0.266   -0.161
-0.271   -0.452
-0.287   -0.175
-0.351   -0.261
-0.309   -0.283
-0.187   -0.129
-0.298   -0.357
-0.069   -0.077
-0.004   -0.192
-0.051   -0.161
0.06   -0.123
-0.01   -0.087
-0.199   -0.146
-0.091   -0.129
-0.191   -0.135
-0.235   -0.116
-0.146   -0.11
-0.147   -0.204
-0.115   -0.156
-0.32   -0.161
-0.296   -0.151
-0.138   -0.087
-0.017   -0.103
0.055   -0.087
-0.041   -0.077
-0.197   -0.135
-0.094   -0.14
-0.337   -0.274
-0.05   -0.11
-0.187   -0.156
-0.12   -0.087
-0.28   -0.161
-0.059   -0.175
0.21   -0.077
-0.243   -0.274
0.097   -0.11
-0.111   -0.184
0.043   -0.123
-0.039   -0.156
-0.18   -0.11
-0.144   -0.14
0.021   -0.123
-0.304   -0.179
0.144   -0.077
-0.213   -0.196
0.156   -0.103
-0.085   -0.116
-0.11   -0.151
-0.28   -0.151
-0.137   -0.268
-0.065   -0.129
-0.124   -0.151
-0.22   -0.238
-0.269   -0.135
-0.197   -0.146
4.463   4.891
-0.176   -0.103
-0.054   -0.135
0.034   -0.175
-0.272   -0.123
-0.229   -0.129
-0.127   -0.123
-0.437   -0.212
-0.259   -0.192
-0.154   -0.151
-0.086   -0.11
-0.0   -0.14
-0.025   -0.129
7.719   8.142
-0.272   -0.14
-0.323   -0.087
-0.205   -0.271
0.099   -0.129
-0.291   -0.161
-0.283   -0.156
-0.363   -0.161
8.186   9.117
-0.157   -0.103
-0.609   -0.508
-0.059   -0.17
-0.121   -0.161
4.593   5.091
-0.199   -0.14
-0.215   -0.156
-0.2   -0.258
-0.113   -0.146
0.129   -0.095
-0.002   -0.151
-0.331   -0.087
-0.301   -0.241
-0.138   -0.223
0.103   -0.17
-0.05   -0.123
-0.186   -0.146
-0.109   -0.251
-0.142   -0.175
-0.015   -0.175
-0.096   -0.14
-0.016   -0.11
-0.238   -0.103
-0.153   -0.188
-0.151   -0.087
-0.144   -0.087
-0.199   -0.37
-0.132   -0.116
0.004   -0.175
0.053   -0.11
-0.283   -0.087
-0.259   -0.116
-0.271   -0.405
-0.198   -0.129
0.021   -0.116
-0.245   -0.212
-0.105   -0.087
-0.212   -0.286
-0.097   -0.116
-0.239   -0.116
-0.268   -0.135
-0.318   -0.313
-0.213   -0.123
-0.029   -0.271
-0.116   -0.14
-0.371   -0.179
-0.1   -0.116
-0.162   -0.192
-0.004   -0.087
-0.282   -0.166
-0.18   -0.175
-0.159   -0.179
-0.244   -0.161
-0.184   -0.103
-0.062   -0.146
-0.089   -0.179
-0.039   -0.135
-0.06   -0.123
-0.192   -0.156
-0.485   -0.447
-0.212   -0.14
-0.318   -0.192
-0.002   -0.192
-0.158   -0.146
-0.085   -0.077
-0.344   -0.28
0.105   -0.11
-0.163   -0.161
-0.121   -0.087
-0.188   -0.22
-0.227   -0.14
-0.122   -0.14
-0.153   -0.2
-0.064   -0.11
-0.127   -0.11
-0.074   -0.14
-0.119   -0.11
-0.07   -0.14
-0.201   -0.151
-0.045   -0.129
5.231   5.867
0.021   -0.129
-0.246   -0.166
-0.284   -0.166
-0.13   -0.095
-0.153   -0.11
-0.062   -0.135
0.126   -0.14
-0.029   -0.151
0.018   -0.184
-0.013   -0.123
-0.177   -0.22
-0.092   -0.116
-0.471   -0.444
-0.119   -0.146
-0.255   -0.161
-0.112   -0.087
-0.116   -0.129
-0.135   -0.135
3.849   4.206
-0.157   -0.087
-0.184   -0.146
-0.403   -0.116
-0.38   -0.129
-0.393   -0.425
-0.1   -0.14
-0.194   -0.146
-0.056   -0.17
-0.173   -0.184
0.138   -0.095
-0.072   -0.135
-0.328   -0.245
-0.18   -0.17
0.096   -0.116
0.006   -0.103
3.83   4.032
-0.177   -0.116
-0.123   -0.156
-0.219   -0.166
-0.261   -0.223
-0.314   -0.321
0.178   -0.116
-0.121   -0.11
-0.142   -0.103
1.134   1.37
-0.24   -0.11
-0.058   -0.11
-0.126   -0.184
-0.137   -0.156
-0.18   -0.277
-0.138   -0.116
-0.309   -0.14
-0.332   -0.357
-0.105   -0.298
-0.128   -0.095
-0.373   -0.188
-0.068   -0.156
-0.019   -0.156
0.028   -0.161
-0.236   -0.316
-0.015   -0.116
-0.185   -0.166
-0.117   -0.123
-0.177   -0.166
-0.161   -0.156
-0.093   -0.192
0.178   -0.077
-0.051   -0.067
-0.177   -0.103
-0.163   -0.116
-0.031   -0.135
-0.038   -0.175
-0.237   -0.175
-0.183   -0.2
-0.131   -0.129
-0.13   -0.151
-0.327   -0.161
-0.257   -0.116
5.396   6.032
0.379   -0.103
-0.453   -0.367
-0.21   -0.116
2.198   2.262
0.083   -0.077
-0.379   -0.146
-0.086   -0.151
-0.191   -0.135
-0.013   -0.129
-0.09   -0.123
-0.271   -0.116
-0.155   -0.14
-0.141   -0.274
0.016   -0.151
-0.117   -0.123
-0.126   -0.14
0.07   -0.151
-0.41   -0.354
-0.183   -0.135
0.211   -0.175
-0.043   -0.166
4.893   5.44
-0.128   -0.156
0.035   -0.095
-0.199   -0.123
-0.197   -0.11
-0.219   -0.135
-0.23   -0.156
6.422   6.861
1.102   0.935
-0.053   -0.123
-0.215   -0.129
-0.082   -0.2
0.009   -0.11
-0.252   -0.271
-0.356   -0.166
-0.086   -0.17
-0.069   -0.129
-0.024   -0.208
-0.281   -0.17
-0.56   -0.57
-0.104   -0.22
0.044   -0.116
-0.489   -0.351
0.101   -0.077
-0.338   -0.14
-0.272   -0.151
-0.397   -0.135
-0.112   -0.151
-0.043   -0.156
-0.089   -0.095
-0.184   -0.204
-0.136   -0.188
-0.177   -0.166
-0.034   -0.103
-0.152   -0.14
0.145   -0.095
-0.302   -0.11
-0.159   -0.324
-0.017   -0.067
-0.07   -0.196
-0.354   -0.14
0.038   -0.156
-0.051   -0.175
-0.207   -0.14
-0.163   -0.146
0.013   -0.14
-0.106   -0.116
-0.069   -0.103
0.108   -0.135
0.114   -0.192
-0.253   -0.175
-0.131   -0.135
-0.216   -0.166
0.195   -0.116
-0.19   -0.135
-0.269   -0.166
-0.128   -0.077
-0.093   -0.151
-0.248   -0.212
-0.215   -0.156
-0.023   -0.129
-0.339   -0.095
0.005   -0.17
-0.29   -0.129
-0.062   -0.129
-0.332   -0.11
-0.258   -0.103
0.066   -0.175
-0.127   -0.095
-0.183   -0.151
-0.101   -0.192
-0.171   -0.231
-0.164   -0.123
-0.192   -0.156
-0.005   -0.103
-0.113   -0.116
-0.064   -0.146
-0.095   -0.129
-0.094   -0.216
-0.01   -0.135
-0.487   -0.103
-0.274   -0.123
-0.107   -0.179
-0.101   -0.116
-0.271   -0.196
-0.27   -0.135
-0.195   -0.216
9.446   10.544
-0.208   -0.271
-0.091   -0.151
-0.109   -0.156
-0.22   -0.175
-0.139   -0.129
-0.211   -0.151
3.192   3.65
-0.014   -0.116
0.039   -0.087
-0.153   -0.116
-0.088   -0.095
-0.151   -0.123
0.121   -0.14
-0.169   -0.179
-0.263   -0.103
-0.089   -0.241
-0.255   -0.14
-0.172   -0.087
-0.11   -0.135
-0.316   -0.129
-0.254   -0.129
-0.251   -0.135
-0.236   -0.11
-0.242   -0.204
-0.452   -0.212
-0.088   -0.103
-0.023   -0.116
-0.114   -0.22
2.043   2.073
0.103   -0.095
-0.162   -0.129
-0.46   -0.298
0.008   -0.175
-0.463   -0.395
-0.259   -0.103
0.18   -0.116
-0.171   -0.156
-0.021   -0.175
-0.053   -0.156
-0.254   -0.179
-0.213   -0.208
-0.197   -0.188
-0.203   -0.14
-0.276   -0.135
-0.245   -0.227
4.552   4.988
-0.169   -0.231
-0.308   -0.188
0.021   -0.123
-0.331   -0.248
0.077   -0.087
-0.184   -0.116
-0.008   -0.116
-0.172   -0.103
-0.1   -0.116
-0.164   -0.095
0.089   -0.039
-0.05   -0.129
0.015   -0.135
-0.067   -0.151
-0.077   -0.14
-0.19   -0.179
-0.057   -0.146
-0.167   -0.227
-0.196   -0.175
-0.123   -0.268
-0.112   -0.188
-0.173   -0.156
-0.198   -0.234
-0.16   -0.179
-0.044   -0.135
-0.035   -0.151
-0.174   -0.161
-0.134   -0.135
-0.123   -0.116
-0.185   -0.175
-0.164   -0.129
-0.063   -0.095
-0.351   -0.129
-0.067   -0.116
-0.143   -0.116
-0.071   -0.11
-0.304   -0.123
-0.193   -0.156
0.018   -0.116
-0.391   -0.2
0.003   -0.251
-0.103   -0.123
0.154   -0.135
-0.241   -0.188
-0.257   -0.196
-0.216   -0.103
-0.33   -0.184
-0.105   -0.11
3.422   3.876
-0.093   -0.087
-0.018   -0.156
-0.293   -0.204
0.164   -0.135
-0.051   -0.103
-0.193   -0.17
-0.221   -0.17
-0.131   -0.123
-0.405   -0.48
-0.142   -0.179
-0.064   -0.077
-0.337   -0.192
-0.136   -0.14
0.023   -0.103
-0.026   -0.103
-0.203   -0.116
-0.2   -0.188
0.014   -0.123
-0.073   -0.151
-0.35   -0.129
-0.262   -0.274
-0.321   -0.146
-0.176   -0.151
-0.029   -0.14
-0.146   -0.251
8.999   9.754
-0.203   -0.116
-0.233   -0.095
-0.051   -0.123
-0.232   -0.184
0.035   -0.146
-0.201   -0.123
-0.242   -0.184
-0.16   -0.255
-0.195   -0.161
-0.388   -0.156
-0.068   -0.14
-0.233   -0.179
-0.238   -0.231
-0.095   -0.22
-0.07   -0.116
-0.211   -0.095
-0.024   -0.129
-0.112   -0.135
-0.015   -0.067
-0.088   -0.216
-0.136   -0.129
-0.162   -0.184
-0.227   -0.175
-0.306   -0.196
-0.077   -0.175
-0.237   -0.146
-0.327   -0.116
-0.357   -0.231
-0.03   -0.17
-0.034   -0.161
3.879   4.269
-0.366   -0.286
-0.097   -0.156
-0.116   -0.135
7.784   8.589
-0.186   -0.116
-0.142   -0.116
-0.309   -0.11
0.102   -0.077
-0.114   -0.175
-0.194   -0.135
-0.3   -0.135
-0.111   -0.11
-0.271   -0.196
-0.226   -0.184
0.045   -0.166
-0.473   -0.11
0.033   -0.175
-0.025   -0.095
0.018   -0.116
-0.234   -0.188
0.005   -0.095
-0.162   -0.123
-0.127   -0.116
-0.143   -0.11
-0.153   -0.135
-0.089   -0.161
-0.192   -0.212
-0.197   -0.264
-0.195   -0.227
-0.108   -0.116
-0.247   -0.151
5.84   6.408
0.065   -0.103
-0.01   -0.103
-0.144   -0.129
-0.202   -0.156
-0.25   -0.123
0.027   -0.129
-0.334   -0.103
-0.119   -0.151
0.409   0.463
-0.26   -0.123
-0.255   -0.231
-0.036   -0.192
-0.116   -0.129
-0.263   -0.135
-0.649   -0.65
-0.212   -0.151
-0.061   -0.146
0.031   -0.077
-0.091   -0.11
-0.189   -0.175
0.084   -0.077
-0.099   -0.11
-0.284   -0.156
-0.234   -0.135
-0.154   -0.22
-0.341   -0.316
0.091   -0.151
-0.121   -0.103
-0.139   -0.129
0.09   -0.095
0.16   -0.095
-0.28   -0.22
-0.141   -0.298
2.534   2.685
-0.197   -0.129
-0.183   -0.116
-0.097   -0.161
-0.365   -0.283
-0.299   -0.255
0.001   -0.123
-0.229   -0.175
-0.248   -0.135
-0.075   -0.188
0.172   -0.11
-0.098   -0.067
0.039   -0.245
-0.022   -0.161
-0.1   -0.175
-0.239   -0.2
-0.208   -0.179
-0.179   -0.22
-0.172   -0.166
-0.389   -0.423
-0.708   -0.749
0.194   -0.103
-0.246   -0.123
0.108   -0.116
-0.514   -0.395
-0.215   -0.161
-0.259   -0.231
-0.187   -0.166
-0.531   -0.33
-0.254   -0.123
-0.222   -0.11
-0.132   -0.156
0.111   -0.103
-0.251   -0.316
0.262   -0.087
6.144   6.861
-0.113   -0.179
-0.084   -0.135
-0.367   -0.241
-0.148   -0.17
-0.221   -0.304
0.071   -0.151
-0.026   -0.116
-0.299   -0.327
-0.17   -0.11
-0.248   -0.116
-0.052   -0.151
-0.029   -0.196
-0.074   -0.161
-0.299   -0.179
-0.266   -0.231
-0.055   -0.166
-0.018   -0.095
-0.296   -0.231
6.26   6.861
-0.014   -0.227
-0.208   -0.175
-0.284   -0.146
0.063   -0.146
-0.25   -0.123
-0.249   -0.175
-0.315   -0.324
-0.114   -0.116
-0.243   -0.188
-0.31   -0.292
-0.282   -0.156
-0.086   -0.095
-0.01   -0.116
-0.019   -0.146
-0.319   -0.161
-0.277   -0.264
-0.354   -0.077
0.098   -0.22
-0.258   -0.14
-0.363   -0.166
-0.332   -0.295
-0.14   -0.129
-0.067   -0.116
-0.06   -0.192
0.128   -0.135
-0.042   -0.103
-0.022   -0.161
-0.038   -0.123
-0.326   -0.156
-0.012   -0.184
-0.067   -0.175
-0.095   -0.123
0.14   -0.087
-0.058   -0.151
-0.232   -0.077
-0.156   -0.166
-0.326   -0.179
-0.304   -0.179
-0.103   -0.156
-0.247   -0.156
-0.044   -0.123
-0.229   -0.151
-0.125   -0.129
-0.215   -0.14
-0.067   -0.116
-0.149   -0.095
-0.035   -0.116
-0.079   -0.11
-0.058   -0.087
-0.335   -0.135
-0.195   -0.255
-0.126   -0.255
-0.107   -0.116
-0.058   -0.095
3.653   3.978
-0.097   -0.192
-0.157   -0.179
-0.22   -0.33
-0.049   -0.067
-0.359   -0.196
-0.177   -0.251
-0.153   -0.116
0.001   0.0
-0.188   -0.123
-0.397   -0.264
-0.354   -0.146
-0.185   -0.151
-0.062   -0.123
-0.291   -0.245
-0.298   -0.123
-0.253   -0.146
-0.138   -0.077
-0.118   -0.264
-0.103   -0.161
-0.137   -0.188
-0.078   -0.123
-0.119   -0.286
0.623   0.6
0.01   -0.103
-0.333   -0.292
-0.122   -0.123
-0.126   -0.14
-0.192   -0.161
0.057   -0.116
-0.108   -0.146
-0.186   -0.192
-0.348   -0.28
-0.122   -0.123
-0.093   -0.116
-0.124   -0.151
0.044   -0.156
4.926   5.316
-0.164   -0.095
-0.247   -0.123
-0.238   -0.156
-0.092   -0.129
-0.174   -0.14
-0.264   -0.156
-0.131   -0.175
-0.121   -0.175
-0.131   -0.129
-0.155   -0.2
-0.185   -0.161
-0.495   -0.227
-0.297   -0.2
-0.172   -0.227
-0.011   -0.129
-0.07   -0.146
-0.046   -0.17
0.088   -0.161
-0.193   -0.116
-0.425   -0.529
-0.355   -0.166
-0.366   -0.423
-0.107   -0.129
-0.241   -0.17
-0.165   -0.151
-0.184   -0.248
0.026   -0.116
-0.06   -0.223
-0.212   -0.166
0.013   -0.11
-0.236   -0.095
-0.106   -0.087
-0.086   -0.103
4.417   5.091
0.007   -0.14
-0.266   -0.156
-0.204   -0.271
-0.38   -0.192
-0.087   -0.116
0.246   -0.151
-0.085   -0.175
-0.126   -0.103
-0.22   -0.161
-0.257   -0.11
0.019   -0.161
-0.018   -0.11
-0.121   -0.116
-0.177   -0.14
-0.001   -0.103
0.031   -0.095
-0.267   -0.151
-0.05   -0.14
-0.138   -0.095
-0.976   -1.135
-0.071   -0.156
-0.226   -0.123
-0.136   -0.241
-0.244   -0.248
-0.37   -0.14
-0.428   -0.413
-0.168   -0.196
0.004   -0.175
-0.205   -0.166
0.089   -0.238
-0.171   -0.135
-0.013   -0.087
-0.374   -0.283
-0.291   -0.146
-0.212   -0.248
-0.011   -0.129
-0.076   -0.188
0.116   -0.123
-0.137   -0.129
-0.109   -0.151
-0.246   -0.395
-0.095   -0.151
-0.265   -0.151
-0.154   -0.116
0.007   -0.123
0.003   -0.179
-0.133   -0.123
-0.088   -0.103
-0.155   -0.123
6.91   7.758
0.142   -0.151
-0.122   -0.11
-0.143   -0.087
-0.274   -0.179
-0.242   -0.216
-0.263   -0.2
-0.385   -0.14
-0.143   -0.146
-0.179   -0.11
-0.205   -0.179
-0.144   -0.095
-0.118   -0.17
-0.139   -0.212
-0.089   -0.116
7.689   8.589
-0.107   -0.11
-0.019   -0.156
0.141   -0.087
-0.087   -0.135
-0.005   -0.129
0.947   0.91
-0.265   -0.103
-0.13   -0.192
-0.111   -0.166
-0.161   -0.161
-0.141   -0.095
-0.26   -0.289
-0.123   -0.156
-0.172   -0.161
0.871   1.01
-0.06   -0.135
4.372   4.8
-0.221   -0.14
-0.147   -0.077
-0.073   -0.212
-0.428   -0.238
-0.128   -0.179
7.393   8.142
-0.158   -0.161
-0.109   -0.146
-0.036   -0.129
4.293   4.551
-0.147   -0.116
0.057   -0.161
-0.097   -0.324
0.013   -0.208
-0.107   -0.151
-0.103   -0.216
-0.096   -0.123
-0.13   -0.2
-0.277   -0.14
0.046   -0.11
0.012   -0.077
-0.182   -0.192
-0.372   -0.188
-0.207   -0.271
-0.411   -0.123
-0.051   -0.123
-0.319   -0.14
-0.086   -0.161
-0.108   -0.135
-0.034   -0.166
-0.143   -0.11
-0.26   -0.095
-0.056   -0.14
-0.108   -0.095
-0.276   -0.095
-0.074   -0.175
-0.413   -0.216
-0.209   -0.103
-0.045   -0.11
-0.055   -0.179
-0.399   -0.2
-0.188   -0.156
3.746   3.781
-0.264   -0.17
-0.218   -0.14
-0.102   -0.087
3.399   3.53
-0.135   -0.095
-0.269   -0.116
-0.161   -0.208
-0.114   -0.129
-0.253   -0.161
-0.274   -0.179
-0.0   -0.129
-0.159   -0.146
-0.037   -0.146
-0.18   -0.087
-0.094   -0.103
-0.12   -0.14
-0.186   -0.151
-0.205   -0.17
-0.163   -0.103
-0.144   -0.129
-0.252   -0.146
0.002   -0.129
-0.231   -0.156
-0.379   -0.22
-0.135   -0.14
-0.145   -0.116
-0.178   -0.095
0.006   -0.175
-0.27   -0.184
-0.286   -0.179
-0.172   -0.208
-0.082   -0.123
-0.135   -0.123
-0.206   -0.227
-0.287   -0.151
-0.157   -0.095
-0.388   -0.319
0.009   -0.14
-0.815   -0.764
-0.197   -0.116
-0.216   -0.103
-0.129   -0.14
0.069   -0.123
-0.298   -0.192
-0.275   -0.196
-0.237   -0.151
-0.159   -0.258
-0.301   -0.42
-0.143   -0.129
-0.317   -0.156
-0.154   -0.151
-0.223   -0.223
-0.173   -0.17
-0.226   -0.248
-0.311   -0.258
-0.231   -0.161
-0.153   -0.11
-0.162   -0.123
-0.43   -0.48
0.172   -0.129
-0.167   -0.151
-0.18   -0.077
-0.06   -0.261
-0.043   -0.161
0.062   -0.166
0.072   -0.184
-0.119   -0.166
-0.004   -0.116
-0.155   -0.151
-0.069   -0.103
-0.064   -0.156
-0.193   -0.087
-0.132   -0.14
0.022   -0.151
-0.135   -0.17
-0.254   -0.175
-1.317   -1.538
-0.185   -0.116
-0.102   -0.077
-0.451   -0.561
-0.375   -0.129
-0.113   -0.103
-0.164   -0.151
-0.11   -0.095
0.035   -0.123
-0.143   -0.255
5.25   5.714
-0.046   -0.123
-0.289   -0.14
-0.239   -0.313
-0.049   -0.129
-0.16   -0.103
-0.343   -0.151
-0.091   -0.103
-0.225   -0.179
-0.068   -0.11
-0.337   -0.307
-0.07   -0.055
-0.066   -0.129
-0.008   -0.129
-0.109   -0.166
-0.149   -0.103
-0.234   -0.208
-0.004   -0.087
-0.067   -0.17
-0.248   -0.129
0.007   -0.216
1.075   1.01
-0.169   -0.161
-0.264   -0.166
-0.217   -0.161
-0.19   -0.077
-0.147   -0.129
-0.055   -0.123
-0.17   -0.22
-0.053   -0.241
2.086   2.287
-0.178   -0.146
-0.158   -0.264
0.077   -0.14
-0.133   -0.2
0.031   -0.135
-0.046   -0.123
-0.205   -0.179
-0.197   -0.156
-0.085   -0.129
0.0   -0.11
-0.022   -0.135
0.024   -0.17
-0.154   -0.188
0.109   -0.116
0.027   -0.123
-0.095   -0.116
1.353   1.577
-0.244   -0.103
-0.111   -0.175
-0.125   -0.087
-0.076   -0.146
-0.172   -0.123
-0.28   -0.234
-0.184   -0.077
-0.097   -0.146
0.003   -0.123
-0.171   -0.095
-0.148   -0.156
-0.244   -0.245
-0.307   -0.087
-0.309   -0.223
-0.211   -0.17
0.006   -0.14
-0.098   -0.095
-0.176   -0.11
-0.021   -0.14
0.009   -0.175
0.057   -0.166
-0.129   -0.234
-0.216   -0.151
-0.182   -0.161
-0.03   -0.151
-0.126   -0.156
-0.187   -0.166
-0.246   -0.14
-0.343   -0.264
0.07   -0.087
-0.203   -0.432
-0.225   -0.227
0.005   -0.212
-0.087   -0.156
-0.151   -0.103
-0.093   -0.146
-0.027   -0.087
0.883   0.978
-0.246   -0.17
-0.279   -0.324
-0.192   -0.151
-0.216   -0.116
-0.267   -0.241
-0.242   -0.196
-0.177   -0.129
-0.435   -0.506
-0.291   -0.135
-0.335   -0.343
-0.394   -0.307
-0.074   -0.212
-0.261   -0.123
-0.126   -0.103
-0.129   -0.135
0.184   -0.123
-0.17   -0.156
-0.072   -0.14
-0.717   -0.574
-0.269   -0.14
-0.106   -0.129
-0.121   -0.129
-0.145   -0.14
-0.114   -0.17
0.158   -0.103
8.785   9.754
0.045   -0.14
0.262   -0.129
-0.245   -0.241
-0.155   -0.212
0.157   -0.095
-0.288   -0.17
-0.14   -0.123
-0.169   -0.11
-0.327   -0.129
8.184   9.117
-0.125   -0.123
0.019   -0.129
-0.019   -0.095
-0.039   -0.129
-0.011   -0.087
-0.188   -0.095
-0.185   -0.179
0.086   -0.14
-0.29   -0.204
-0.173   -0.129
1.382   1.43
0.04   -0.123
0.114   -0.087
-0.136   -0.135
-0.224   -0.14
-0.15   -0.146
-0.278   -0.196
0.16   -0.103
-0.181   -0.11
-0.273   -0.192
5.561   6.032
5.971   6.623
-0.253   -0.087
-0.086   -0.129
-0.085   -0.129
0.003   -0.175
-0.122   -0.103
-0.132   -0.151
-0.137   -0.14
-0.028   -0.17
0.034   -0.077
-0.17   -0.151
-0.279   -0.196
-0.074   -0.17
-0.345   -0.095
2.108   2.422
-0.138   -0.184
-0.307   -0.241
7.552   8.589
0.154   -0.14
6.444   7.422
-0.016   -0.129
-0.156   -0.151
-0.119   -0.129
-0.138   -0.116
-0.147   -0.161
0.304   -0.146
-0.245   -0.346
-0.138   -0.11
-0.182   -0.248
-0.09   -0.166
-0.204   -0.146
-0.115   -0.146
-0.134   -0.129
-0.25   -0.234
-0.267   -0.11
-0.267   -0.227
-0.063   -0.077
-0.236   -0.103
-0.105   -0.123
-0.121   -0.216
-0.111   -0.188
-0.117   -0.11
-0.173   -0.17
-0.184   -0.055
-0.134   -0.14
-0.287   -0.156
-0.195   -0.22
-0.377   -0.395
-0.191   -0.156
-0.315   -0.095
-0.153   -0.166
-0.271   -0.166
-0.274   -0.166
-0.006   -0.166
-0.366   -0.151
-0.241   -0.156
-0.074   -0.135
0.006   -0.175
0.042   -0.156
-0.105   -0.129
-0.235   -0.196
-0.199   -0.103
0.015   -0.151
-0.225   -0.151
2.493   2.742
-0.162   -0.161
-0.026   -0.146
-0.218   -0.14
-0.155   -0.116
-0.179   -0.227
-0.178   -0.188
-0.412   -0.11
-0.299   -0.17
0.196   -0.135
-0.158   -0.11
-0.151   -0.192
0.063   -0.095
-0.245   -0.161
-0.05   -0.129
-0.26   -0.11
-0.179   -0.192
0.126   -0.129
-0.481   -0.351
-0.223   -0.116
-0.341   -0.151
-0.275   -0.227
-0.149   -0.17
-0.081   -0.146
-0.296   -0.123
-0.207   -0.208
-0.242   -0.135
-0.223   -0.175
-0.146   -0.129
0.141   -0.151
-0.016   -0.116
-0.185   -0.095
5.596   6.408
0.02   -0.077
3.759   3.876
-0.241   -0.357
0.129   -0.123
-0.191   -0.087
-0.191   -0.258
-0.106   -0.179
-0.259   -0.135
-0.048   -0.116
-0.171   -0.129
-0.116   -0.103
-0.072   -0.151
-0.055   -0.123
-0.178   -0.116
3.535   4.032
-0.091   -0.116
-0.177   -0.146
-0.308   -0.129
-0.389   -0.473
-0.208   -0.151
-0.23   -0.175
-0.164   -0.123
-0.235   -0.129
-0.026   -0.11
-0.286   -0.123
-0.175   -0.087
-0.149   -0.161
-0.081   -0.067
-0.23   -0.087
-0.361   -0.179
-0.119   -0.095
0.052   -0.095
0.006   -0.188
-0.032   -0.11
-0.231   -0.188
0.01   -0.216
-0.162   -0.146
-0.24   -0.166
-0.058   -0.095
-0.194   -0.151
-0.095   -0.135
-0.227   -0.146
-0.13   -0.298
-0.116   -0.087
-0.116   -0.179
-0.096   -0.116
-0.187   -0.123
-0.008   -0.116
0.009   -0.11
-0.007   -0.196
-0.439   -0.588
-0.038   -0.116
0.128   -0.123
0.052   -0.166
0.015   -0.166
-0.261   -0.135
0.016   -0.135
-0.2   -0.166
-0.169   -0.238
-0.325   -0.319
-0.193   -0.234
-0.291   -0.11
-0.042   -0.175
0.163   -0.179
0.005   -0.151
-0.231   -0.14
-0.394   -0.161
-0.288   -0.175
-0.138   -0.116
-0.248   -0.116
-0.175   -0.129
-0.161   -0.055
-0.201   -0.129
0.175   0.238
-0.087   -0.2
-0.061   -0.151
-0.132   -0.116
-0.083   -0.264
-0.227   -0.425
-0.322   -0.2
-0.261   -0.184
-0.302   -0.095
-0.078   -0.156
-0.172   -0.161
-0.256   -0.261
-0.014   -0.166
-0.239   -0.103
-0.221   -0.129
-0.328   -0.135
-0.152   -0.087
-0.097   -0.129
-0.139   -0.11
-0.344   -0.175
-0.09   -0.067
-0.249   -0.17
-0.33   -0.14
-0.462   -0.179
-0.143   -0.11
-0.073   -0.316
-0.043   -0.11
-0.048   -0.123
0.026   -0.103
-0.177   -0.161
-0.275   -0.295
-0.137   -0.146
-0.192   -0.151
-0.086   -0.135
0.054   -0.067
5.118   5.714
-0.298   -0.31
-0.181   -0.261
6.047   6.623
-0.139   -0.087
-0.327   -0.166
-0.143   -0.11
-0.139   -0.156
0.038   -0.135
-0.033   -0.11
-0.284   -0.11
-0.309   -0.14
-0.314   -0.166
-0.368   -0.216
-0.348   -0.11
-0.164   -0.188
-0.107   -0.14
-0.255   -0.116
-0.23   -0.123
-0.211   -0.129
-0.18   -0.166
-0.045   -0.166
-0.301   -0.146
-0.139   -0.129
0.007   -0.17
-0.233   -0.261
-0.257   -0.292
-0.312   -0.14
-0.186   -0.151
-0.209   -0.234
-0.252   -0.22
-0.195   -0.146
-0.437   -0.223
-0.04   -0.156
-0.306   -0.123
-0.196   -0.196
-0.223   -0.116
1.381   1.37
-0.218   -0.307
-0.065   -0.184
-0.109   -0.151
-0.154   -0.17
-0.43   -0.4
-0.21   -0.129
-0.249   -0.274
-0.159   -0.156
-0.225   -0.095
-0.204   -0.123
-0.073   -0.166
-0.143   -0.14
-0.228   -0.161
-0.212   -0.166
0.037   -0.14
0.017   -0.146
-0.04   -0.123
-0.06   -0.146
0.004   -0.184
-0.393   -0.2
0.032   -0.11
-0.164   -0.087
-0.229   -0.161
-0.433   -0.437
-0.062   -0.14
-0.131   -0.166
-0.083   -0.14
1.78   1.72
-0.172   -0.116
-0.136   -0.234
-0.213   -0.123
-0.227   -0.129
-0.167   -0.14
-0.026   -0.067
-0.489   -0.38
-0.094   -0.17
-0.309   -0.135
-0.059   -0.175
-0.082   -0.067
-0.015   -0.11
-0.071   -0.116
0.029   -0.14
5.818   6.408
5.746   6.408
0.138   -0.116
0.229   -0.135
-0.253   -0.175
-0.268   -0.11
-0.164   -0.17
-0.196   -0.166
-0.115   -0.151
-0.143   -0.196
-0.014   -0.116
-0.159   -0.179
-0.112   -0.196
-0.144   -0.264
5.299   6.032
-0.293   -0.135
-0.177   -0.179
7.069   8.142
-0.178   -0.146
-0.039   -0.188
-0.014   -0.129
3.483   3.692
-0.154   -0.188
-0.016   -0.175
0.032   -0.103
0.127   -0.146
0.008   -0.135
-0.301   -0.196
-0.01   -0.129
-0.22   -0.208
-0.101   -0.146
-0.033   -0.123
-0.227   -0.192
-0.158   -0.151
-0.114   -0.103
-0.259   -0.204
-0.064   -0.123
-0.332   -0.129
-0.123   -0.055
0.05   -0.11
2.119   2.147
-0.425   -0.43
-0.344   -0.11
-0.443   -0.231
-0.113   -0.103
-0.001   -0.156
-0.0   0.0
-0.299   -0.231
-0.426   -0.161
-0.066   -0.179
-0.173   -0.103
0.139   -0.11
-0.095   -0.116
-0.091   -0.103
-0.125   -0.123
-0.032   -0.151
0.039   -0.067
-0.068   -0.116
0.059   -0.116
-0.229   -0.116
-0.206   -0.192
-0.044   -0.14
-0.116   -0.135
-0.153   -0.151
-0.191   -0.161
-0.103   -0.14
-0.021   -0.095
-0.204   -0.11
-0.084   -0.11
-0.187   -0.248
-0.046   -0.161
-0.132   -0.146
3.848   4.269
-0.059   -0.123
-0.056   -0.135
-0.269   -0.146
-0.256   -0.151
-0.332   -0.161
-0.296   -0.39
-0.251   -0.188
-0.183   -0.196
-0.116   -0.146
0.019   -0.116
-0.148   -0.208
-0.167   -0.087
-0.189   -0.116
-0.293   -0.241
-0.19   -0.31
-0.117   -0.103
-0.107   -0.11
-0.016   -0.129
-0.236   -0.271
-0.256   -0.161
-0.291   -0.179
-0.157   -0.22
-0.093   -0.087
-0.03   -0.11
-0.037   -0.156
0.095   -0.095
-0.247   -0.179
-0.076   -0.161
-0.34   -0.087
-0.128   -0.196
-0.235   -0.135
-0.172   -0.17
-0.097   -0.151
-0.172   -0.11
-0.287   -0.357
-0.243   -0.295
-0.085   -0.234
-0.118   -0.11
-0.083   -0.123
-0.492   -0.289
-0.021   -0.103
-0.227   -0.166
-0.197   -0.129
-0.325   -0.11
-0.209   -0.212
0.087   -0.14
0.03   -0.087
-0.002   -0.11
-0.183   -0.166
-0.038   -0.2
-0.116   -0.161
-0.17   -0.11
-0.27   -0.129
0.012   -0.116
0.203   -0.14
-0.328   -0.184
-0.227   -0.192
-0.128   -0.123
-0.092   -0.14
-0.146   -0.179
-0.285   -0.14
-0.227   -0.156
-0.244   -0.2
-0.311   -0.298
-0.195   -0.2
-0.257   -0.212
-0.211   -0.212
-0.078   -0.087
-0.113   -0.11
-0.1   -0.175
-0.269   -0.146
0.074   -0.135
-0.223   -0.161
-0.138   -0.188
-0.033   -0.161
-0.087   -0.103
-0.16   -0.212
-0.333   -0.22
0.087   -0.175
-0.275   -0.184
-0.349   -0.258
-0.282   -0.161
-0.128   -0.11
-0.172   -0.135
-0.18   -0.116
-0.082   -0.161
0.022   -0.135
0.041   -0.156
-0.09   -0.129
-0.036   -0.2
-0.167   -0.087
-0.123   -0.14
-0.174   -0.11
-0.114   -0.123
-0.079   -0.156
-0.039   -0.077
-0.269   -0.179
-0.321   -0.351
-0.217   -0.135
0.006   -0.129
-0.042   -0.156
-0.104   -0.123
-0.505   -0.268
-0.265   -0.231
-0.221   -0.156
-0.326   -0.129
-0.211   -0.129
-0.145   -0.156
-0.053   -0.123
-0.029   -0.095
0.039   -0.116
-0.097   -0.161
8.793   9.754
-0.068   -0.14
-0.114   -0.135
1.725   1.9
10.229   11.559
0.124   -0.103
0.064   -0.135
-0.268   -0.11
0.077   -0.095
-0.085   -0.146
-0.01   -0.146
4.061   4.476
-0.206   -0.188
-0.22   -0.231
0.038   -0.077
-0.259   -0.116
2.713   3.007
-0.278   -0.375
-0.012   -0.129
-0.003   -0.123
-0.068   -0.116
-0.296   -0.184
0.035   -0.184
-0.086   -0.11
-0.19   -0.116
-0.211   -0.087
-0.053   -0.116
0.025   -0.151
0.013   -0.156
-0.115   -0.135
-0.164   -0.196
-0.131   -0.175
-0.225   -0.146
0.008   -0.039
-0.379   -0.146
-0.266   -0.135
-0.353   -0.196
-0.03   -0.146
-0.065   -0.277
-0.061   -0.146
-0.401   -0.067
-0.309   -0.2
-0.55   -0.503
-0.072   -0.11
-0.259   -0.274
11.5   12.933
-0.006   -0.184
-0.291   -0.103
-0.052   -0.11
-0.08   -0.161
-0.008   -0.175
-0.071   -0.204
-0.056   -0.11
-0.198   -0.22
-0.263   -0.216
7.755   8.589
-0.133   -0.156
-0.415   -0.2
-0.349   -0.289
-0.091   -0.129
-0.464   -0.116
0.038   -0.179
-0.151   -0.123
-0.075   -0.146
-0.209   -0.123
-0.506   -0.375
-0.107   -0.151
-0.263   -0.245
-0.083   -0.067
-0.008   -0.135
0.487   0.536
0.036   -0.116
-0.086   -0.095
-0.083   -0.135
-0.513   -0.408
-0.34   -0.135
-0.122   -0.123
-0.005   -0.11
4.519   5.091
-0.134   -0.055
0.098   -0.087
-0.044   -0.11
-0.088   -0.17
-0.165   -0.135
-0.176   -0.238
3.629   3.876
-0.07   -0.161
-0.165   -0.11
0.014   -0.135
0.015   -0.087
-0.132   -0.175
0.006   -0.14
-0.269   -0.17
-0.389   -0.223
0.011   -0.135
-0.073   -0.175
-0.111   -0.103
-0.062   -0.095
0.051   -0.123
-0.207   -0.123
-0.176   -0.103
-0.049   -0.161
-0.116   -0.146
-0.209   -0.286
-0.02   -0.095
-0.081   -0.123
0.068   -0.17
-0.123   -0.116
-0.026   -0.146
-0.075   -0.151
-0.219   -0.146
2.833   2.935
0.208   -0.188
-0.227   -0.161
0.017   -0.123
-0.112   -0.255
-0.21   -0.129
-0.111   -0.129
-0.115   -0.129
-0.105   -0.188
-0.264   -0.196
-0.003   -0.14
-0.144   -0.129
-0.231   -0.156
-0.171   -0.151
-0.08   -0.123
-0.062   -0.103
-0.198   -0.156
0.034   -0.135
-0.059   -0.17
-0.288   -0.295
-0.288   -0.166
-0.039   -0.14
-0.133   -0.103
0.124   -0.11
-0.303   -0.192
1.949   2.015
-0.096   -0.116
-0.035   -0.14
-0.298   -0.22
0.058   -0.151
-0.284   -0.135
-0.211   -0.129
-0.412   -0.212
-0.065   -0.14
-0.13   -0.304
-0.004   -0.095
-0.007   -0.123
-0.24   -0.156
-0.329   -0.188
-0.037   -0.067
-0.121   -0.192
-0.205   -0.241
0.234   -0.087
0.095   -0.087
-0.332   -0.095
-0.121   -0.116
-0.009   -0.135
-0.266   -0.166
-0.086   -0.151
-0.327   -0.343
-0.286   -0.095
-0.276   -0.184
0.24   -0.123
-0.35   -0.241
-0.299   -0.146
-0.067   -0.129
-0.245   -0.179
-0.319   -0.151
-0.293   -0.227
0.176   -0.087
-0.237   -0.175
-0.16   -0.161
-0.133   -0.17
-0.267   -0.196
1.553   1.45
-0.115   -0.255
-0.062   -0.103
0.018   -0.135
-0.276   -0.234
-0.298   -0.11
0.017   -0.135
-0.047   -0.204
-0.148   -0.258
-0.128   -0.129
-0.048   -0.123
-0.167   -0.42
-0.052   -0.129
-0.063   -0.087
-0.146   -0.077
0.158   -0.116
-0.318   -0.123
-0.095   -0.103
0.161   0.286
-0.105   -0.087
-0.016   -0.103
-0.376   -0.22
0.046   -0.146
0.026   -0.146
-0.271   -0.231
-0.223   -0.184
-0.141   -0.17
-0.006   -0.077
0.018   -0.11
-0.101   -0.166
0.012   -0.123
-0.024   -0.135
-0.055   -0.161
-0.199   -0.146
0.062   -0.11
-0.09   -0.11
-0.08   -0.135
-0.047   -0.129
0.175   -0.116
0.037   -0.11
0.057   -0.129
-0.058   -0.14
-0.15   -0.2
-0.198   -0.11
-0.037   -0.077
-0.103   -0.116
-0.162   -0.077
0.025   -0.11
0.032   -0.146
-0.011   -0.129
-0.483   -0.251
0.052   -0.103
-0.161   -0.103
-0.046   -0.223
-0.257   -0.123
-0.005   -0.261
-0.343   -0.357
0.009   -0.123
-0.243   -0.123
-0.113   -0.129
-0.002   -0.196
-0.198   -0.156
0.993   0.886
-0.088   -0.135
-0.145   -0.14
-0.292   -0.204
-0.364   -0.304
-0.237   -0.156
-0.174   -0.151
-0.075   -0.17
-0.031   -0.095
-0.295   -0.095
-0.079   -0.116
-0.545   -0.531
-0.081   -0.123
-0.238   -0.11
-0.067   -0.095
-0.151   -0.135
-0.084   -0.095
-0.129   -0.204
-0.14   -0.196
-0.231   -0.129
-0.132   -0.166
-0.151   -0.11
-0.049   -0.14
-0.078   -0.103
-0.245   -0.14
-0.08   -0.156
-0.088   -0.156
-0.081   -0.129
0.123   -0.156
-0.254   -0.234
-0.405   -0.425
0.052   -0.175
-0.179   -0.087
-0.15   -0.166
-0.1   -0.292
-0.204   -0.17
-0.184   -0.146
-0.043   -0.17
-0.106   -0.146
-0.233   -0.255
-0.038   -0.17
-0.337   -0.17
-0.255   -0.2
-0.062   -0.161
-0.124   -0.14
-0.263   -0.184
-0.175   -0.196
-0.443   -0.184
-0.111   -0.129
0.115   -0.067
0.081   -0.11
-0.023   -0.14
5.469   6.032
1.922   2.115
-0.07   -0.196
-0.233   -0.192
-0.06   -0.135
-0.115   -0.11
0.033   -0.135
-0.133   -0.146
-0.218   -0.204
-0.136   -0.289
-0.237   -0.14
-0.066   -0.251
-0.217   -0.123
-0.096   -0.166
-0.125   -0.151
-0.205   -0.286
-0.322   -0.22
-0.042   -0.151
-0.181   -0.116
-0.206   -0.146
-0.057   -0.192
-0.099   -0.204
-0.21   -0.346
-0.168   -0.116
-0.085   -0.216
-0.198   -0.151
-0.126   -0.123
-0.129   -0.116
-0.122   -0.175
-0.089   -0.22
-0.082   -0.135
-0.189   -0.188
-0.174   -0.166
-0.166   -0.123
0.058   -0.103
-0.247   -0.261
-0.056   -0.123
-0.185   -0.151
-0.076   -0.095
-0.173   -0.095
-0.087   -0.227
-0.112   -0.129
-0.183   -0.14
-0.14   -0.103
-0.092   -0.316
-0.172   -0.14
-0.066   -0.055
-0.355   -0.166
-0.082   -0.161
-0.038   -0.14
-0.191   -0.116
6.703   7.125
-0.081   -0.223
-0.07   -0.116
-0.176   -0.196
0.013   -0.123
-0.188   -0.123
-0.319   -0.156
-0.109   -0.129
-0.02   -0.192
-0.308   -0.156
-0.206   -0.146
0.121   -0.123
-0.061   -0.166
-0.236   -0.212
-0.297   -0.17
-0.185   -0.129
-0.007   -0.129
-0.071   -0.11
-0.028   -0.188
-0.079   -0.166
0.082   -0.116
-0.109   -0.192
-0.361   -0.2
-0.055   -0.156
-0.234   -0.166
-0.13   -0.123
0.208   -0.14
-0.141   -0.087
0.0   0.0
0.0   0.0
0.001   0.0
0.076   -0.067
0.0   0.0
-0.0   0.0
0.0   0.0
-0.049   -0.039
0.104   -0.095
-0.033   -0.11
-0.001   0.0
-0.128   -0.156
-0.001   0.0
-0.224   -0.103
-0.02   -0.077
-0.0   0.0
-0.205   -0.135
-0.167   -0.151
-0.094   -0.067
-0.177   -0.2
-0.001   0.0
-0.22   -0.039
-0.257   -0.196
-0.088   -0.196
-0.233   -0.28
-0.366   -0.39
-0.277   -0.2
0.007   -0.103
-0.354   -0.161
-0.113   -0.135
0.018   -0.039
-0.181   -0.055
-0.398   -0.286
-0.376   -0.292
-0.203   -0.188
-0.083   -0.055
2.621   2.762
-0.243   -0.338
-0.572   -0.673
-0.146   -0.116
-0.152   -0.116
-0.186   -0.216
-0.53   -0.503
-0.324   -0.283
-0.064   -0.161
-0.256   -0.161
-0.187   -0.196
3.058   3.319
-0.1   -0.161
-0.095   -0.227
-0.385   -0.372
-0.417   -0.343
-0.273   -0.405
-0.629   -0.549
-0.572   -0.526
-0.378   -0.349
-0.033   -0.151
-0.646   -0.625
-0.378   -0.351
-0.327   -0.341
-0.401   -0.354
-0.392   -0.359
1.174   1.188
-0.101   -0.17
-0.345   -0.335
0.957   0.791
-0.44   -0.545
-0.411   -0.375
-0.105   -0.175
-0.34   -0.437
-0.035   -0.204
-0.239   -0.333
-0.613   -0.653
-0.479   -0.38
-0.59   -0.526
1.041   1.132
-0.496   -0.403
1.071   1.069
-0.396   -0.231
1.047   1.115
0.905   0.908
1.781   1.942
1.535   1.606
0.838   0.91
-0.65   -0.522
0.93   1.004
1.231   1.322
-0.665   -0.618
1.561   1.762
-0.669   -0.713
-0.819   -0.819
1.031   1.163
0.944   0.916
-0.689   -0.788
-0.473   -0.632
0.99   1.156
0.798   0.854
0.841   0.941
0.984   0.761
-0.574   -0.538
1.007   0.987
0.644   0.813
-0.453   -0.524
-0.441   -0.519
1.208   1.192
0.612   0.764
1.201   1.153
-0.725   -0.706
-0.594   -0.613
-0.715   -0.678
0.901   0.813
0.973   0.891
-0.612   -0.803
-0.939   -0.862
-0.387   -0.408
-0.455   -0.636
-0.609   -0.65
0.754   0.752
0.895   0.938
-0.398   -0.298
0.679   0.666
0.712   0.588
0.749   0.857
-0.571   -0.593
-0.547   -0.721
0.631   0.556
-0.702   -0.737
-1.184   -1.237
1.123   1.06
0.976   1.06
-0.368   -0.487
0.47   0.732
-0.742   -0.902
0.918   0.819
-0.825   -0.796
0.907   0.873
-0.835   -0.955
0.596   0.461
1.127   1.146
-0.789   -0.852
-0.724   -0.844
-0.813   -0.664
0.483   0.506
-1.183   -1.237
0.83   0.766
0.568   0.542
-1.063   -1.167
0.87   0.919
0.728   0.749
-0.886   -0.993
0.733   0.636
0.569   0.574
-0.979   -1.146
0.731   0.725
0.626   0.565
0.869   0.826
0.538   0.365
-1.382   -1.383
0.461   0.398
-1.961   -1.987
-1.329   -1.516
0.392   0.307
0.349   0.372
0.222   0.271
0.235   0.298
0.176   0.188
-0.356   -0.28
0.4   0.398
0.401   0.398
0.605   0.751
0.487   0.635
-0.399   -0.331
0.21   0.144
0.237   0.169
0.212   0.145
0.139   0.095
-0.294   -0.039
-0.181   -0.182
0.198   0.213
0.688   0.76
0.988   1.076
-0.491   -0.614
0.785   0.755
0.136   0.087
0.166   0.123
0.191   0.144
0.348   0.302
0.277   0.23
0.343   0.286
0.156   0.112
0.221   0.156
0.186   0.158
0.324   0.278
0.173   0.148
0.387   0.336
-0.525   -0.536
0.017   -0.039
-0.179   -0.097
-0.153   -0.075
-0.301   -0.233
0.262   0.215
-0.513   -0.472
-0.459   -0.441
-0.152   -0.073
-0.588   -0.525
0.561   0.577
-0.152   -0.438
0.946   1.008
0.664   0.537
-0.522   -0.572
1.312   1.387
0.168   0.163
-0.789   -0.898
1.621   1.57
0.797   0.83
-0.77   -0.861
0.708   0.653
-0.208   -0.178
1.46   1.512
-0.629   -0.515
-0.63   -0.677
0.663   0.613
0.85   0.815
0.0   0.0
0.34   0.358
-0.039   -0.001
-0.189   -0.253
-0.63   -0.567
0.467   0.446
0.276   0.262
-0.393   -0.452
-0.78   -0.711
-0.433   -0.533
0.904   0.91
-0.347   -0.392
1.73   1.651
0.001   0.0
-0.191   -0.168
-0.567   -0.594
-0.661   -0.73
-0.145   -0.159
-0.436   -0.383
-0.507   -0.54
1.689   1.554
-0.007   -0.117
-0.334   -0.376
1.076   1.167
0.934   0.964
-0.601   -0.619
-0.589   -0.698
-0.147   -0.095
0.233   0.228
-0.324   -0.322
0.478   0.495
-0.01   0.032
0.74   0.704
0.246   0.277
0.357   0.295
-0.244   -0.227
-0.571   -0.631
0.271   0.226
-0.237   -0.188
0.132   0.149
-0.409   -0.432
0.168   0.188
-0.119   -0.118
0.588   0.552
1.968   2.0
1.76   1.752
0.53   0.539
-0.152   -0.115
0.122   0.115
-0.131   -0.151
-0.258   -0.328
0.504   0.535
0.241   0.222
1.329   1.327
0.231   0.161
0.364   0.321
-0.19   -0.22
-0.382   -0.467
-0.314   -0.426
-0.341   -0.333
-0.153   -0.175
1.499   1.559
-0.614   -0.445
-0.328   -0.256
-0.237   -0.276
-0.241   -0.276
-0.125   -0.178
-0.071   -0.122
-0.26   -0.089
-0.09   -0.082
-0.284   -0.167
1.579   1.602
0.361   0.42
-0.482   -0.398
-0.072   -0.173
-0.273   -0.274
-0.109   -0.22
-0.617   -0.445
-0.198   -0.067
-0.132   -0.073
0.009   -0.11
-0.228   -0.317
-0.343   -0.264
0.133   0.089
-0.101   -0.11
0.039   0.061
-0.359   -0.466
0.021   -0.039
0.168   -0.039
0.0   0.0
0.589   0.55
0.001   0.0
0.376   0.433
-0.0   0.0
0.0   0.0
-0.185   -0.09
-0.299   -0.301
-0.667   -0.634
-0.039   -0.146
-0.153   -0.078
-0.519   -0.638
-0.059   -0.082
-0.127   -0.077
2.191   2.468
-0.055   -0.171
0.0   0.0
0.0   0.0
-0.257   -0.333
-0.231   -0.29
-0.0   0.0
-0.125   -0.231
-0.394   -0.437
-0.061   -0.241
-0.274   -0.206
-0.03   -0.151
-0.12   -0.123
-0.277   -0.103
-0.145   -0.077
0.166   -0.039
-0.156   -0.077
4.752   5.169
-0.286   -0.25
-0.27   -0.248
0.054   -0.077
0.038   -0.067
-0.181   -0.299
2.865   3.008
-0.145   -0.207
-0.0   0.0
-0.273   -0.495
0.052   -0.055
-0.118   -0.196
-0.429   -0.271
0.008   -0.156
-0.261   -0.087
-0.204   -0.067
4.302   4.632
-0.0   0.0
-0.023   -0.223
-0.108   -0.174
-0.099   -0.238
