0.007   -2.065
-0.039   -0.958
0.067   -0.91
0.043   -2.098
-0.012   -1.599
0.019   -0.01
0.041   -1.356
-0.04   -2.214
0.044   -0.057
-0.041   -0.544
-0.012   1.095
-0.011   -1.813
-0.014   -0.704
-0.027   -0.985
0.01   -0.591
0.003   -0.634
-0.016   0.36
-0.049   0.894
-0.049   -1.302
-0.01   -0.984
-0.007   -0.047
-0.027   -2.225
0.051   -1.86
0.031   -0.948
-0.004   -0.713
0.008   -0.793
-0.052   -1.199
-0.012   0.445
0.018   -0.944
-0.008   -0.358
0.038   -0.645
-0.045   -1.787
-0.015   0.321
-0.009   -1.235
-0.026   0.844
0.068   -0.211
-0.033   -0.186
0.007   -1.239
-0.057   -1.879
0.038   -1.925
-0.032   -0.62
-0.048   -0.974
-0.033   -0.576
-0.005   -1.352
-0.071   -0.714
-0.043   -0.026
0.054   -1.929
-0.017   -0.474
0.043   -0.101
-0.003   -2.475
0.0   -0.752
-0.067   -1.12
-0.006   -0.223
-0.028   -1.229
0.017   -1.738
0.024   -0.157
-0.021   -0.689
0.043   -1.723
0.018   -0.655
-0.017   -0.676
0.005   -0.753
0.008   -0.137
-0.001   0.383
-0.064   1.316
0.027   -0.87
-0.045   -1.718
-0.07   -1.011
-0.023   -2.217
0.048   -0.479
-0.049   -0.708
0.029   -0.491
-0.023   -0.358
-0.027   -0.624
-0.039   -1.382
-0.04   -0.869
-0.021   -1.331
-0.016   -0.75
-0.018   -0.153
-0.016   -1.524
0.027   -1.609
-0.039   -0.777
-0.087   1.112
0.008   -1.285
0.007   -0.717
0.038   -0.62
0.067   -0.835
-0.037   -0.647
-0.004   1.117
0.015   -2.196
-0.022   0.892
-0.013   0.919
-0.029   -0.609
-0.043   -0.696
0.006   -0.73
-0.001   -1.377
0.014   0.989
0.048   -1.236
-0.01   -1.821
0.025   -2.087
-0.042   -0.703
0.002   -1.255
-0.033   -0.967
0.043   -1.155
-0.011   -3.085
0.021   -0.585
0.004   -1.482
-0.011   -0.726
-0.007   2.961
0.016   -1.039
-0.02   -1.101
0.009   0.609
-0.063   1.415
-0.003   -0.369
-0.02   -0.651
0.05   -0.128
-0.012   -1.493
0.068   -3.544
0.017   -1.322
0.006   -1.139
0.031   -1.021
0.043   -0.786
0.026   -1.334
-0.023   0.861
-0.065   -0.09
-0.02   -1.145
0.014   -0.606
0.046   -0.436
0.0   -0.621
-0.024   1.147
-0.034   -0.562
-0.007   -0.036
-0.035   -1.367
0.002   -2.276
0.049   -0.382
-0.024   -1.105
0.052   2.284
0.025   -0.87
-0.023   -1.357
-0.014   1.787
0.048   -1.068
0.047   -1.804
0.007   0.841
0.003   -1.857
0.009   -0.616
0.019   -1.284
-0.01   -0.717
-0.012   0.436
-0.036   0.912
-0.011   -1.274
-0.045   -0.481
0.057   1.387
0.03   1.611
-0.036   -1.702
-0.069   -1.436
0.003   -2.776
-0.001   0.223
-0.019   -1.27
0.117   0.712
0.074   0.36
0.001   1.441
-0.077   1.242
0.0   0.154
-0.017   -1.041
0.038   -1.014
-0.045   -0.176
-0.044   1.342
0.062   -0.269
-0.0   0.312
-0.057   1.398
-0.053   2.185
-0.001   0.3
0.005   -0.735
-0.05   -1.112
0.0   1.674
0.062   -0.858
-0.012   1.058
-0.011   -0.147
0.037   -0.708
0.023   -0.58
0.013   -1.923
0.042   -1.086
0.002   1.297
0.026   0.253
0.028   -2.857
-0.007   1.826
-0.022   -1.945
-0.023   0.618
0.039   -1.135
0.025   -0.579
0.076   -0.983
-0.015   -0.237
-0.07   -0.834
0.01   0.286
-0.024   -0.825
-0.022   -0.977
0.022   -1.475
0.01   -1.11
-0.008   0.444
-0.007   -0.896
-0.036   -0.681
-0.028   0.512
0.047   -0.731
0.014   -0.694
-0.042   -0.463
0.04   -1.142
-0.025   -2.099
-0.019   -0.86
-0.042   -0.465
0.006   -0.364
0.081   -0.142
-0.021   0.926
0.014   -0.866
-0.028   -1.556
-0.025   -0.691
-0.012   -0.397
0.014   -1.836
0.018   1.186
0.009   2.184
0.001   -1.477
-0.005   -0.525
0.006   -0.546
-0.009   -0.781
-0.017   -0.888
0.016   -0.028
-0.042   -0.551
0.065   -1.277
-0.042   -1.119
-0.03   -0.749
-0.003   -0.088
-0.048   -2.14
-0.037   0.426
0.021   -2.077
0.017   1.322
-0.065   -2.441
0.055   0.611
-0.006   0.318
-0.001   -2.647
-0.019   -0.836
0.04   -2.316
-0.004   -1.96
-0.024   0.356
0.013   -0.799
0.017   -0.47
0.057   -0.115
-0.016   2.357
-0.002   -0.06
0.052   -0.241
0.007   -2.311
0.021   -1.409
-0.005   -0.605
0.08   -1.331
0.012   -1.949
-0.003   -0.672
0.024   -0.691
-0.006   1.257
0.042   -0.594
0.011   3.452
0.015   -0.48
-0.013   0.062
0.032   -0.907
0.03   -1.528
-0.048   -1.774
-0.037   -1.28
-0.037   1.052
-0.006   1.159
-0.061   -1.045
-0.002   -0.563
-0.012   -1.715
-0.012   -1.676
-0.012   -0.427
0.007   -2.085
0.042   2.048
-0.057   -0.61
-0.007   -0.221
-0.021   -0.598
0.051   0.006
-0.009   -1.15
0.021   1.072
-0.034   -1.758
-0.031   0.812
0.026   -1.17
0.039   -0.21
-0.025   -0.87
-0.012   -2.087
-0.034   0.762
-0.055   -0.247
-0.033   -0.936
0.032   0.338
0.028   -0.287
-0.06   -0.269
0.035   -2.244
0.018   0.458
0.049   -2.039
-0.02   -0.67
-0.023   -1.366
-0.032   -1.907
0.027   -1.843
-0.007   1.809
-0.004   -0.916
0.045   -0.12
0.068   -1.468
0.029   -0.171
0.037   0.319
0.012   -1.439
-0.008   -1.586
-0.034   -2.189
0.029   -0.653
0.047   0.182
-0.003   0.545
0.004   -1.341
0.059   -2.261
-0.021   -2.218
0.025   -2.263
0.044   -2.362
-0.028   -0.642
-0.024   -2.463
-0.03   1.456
-0.036   -1.249
-0.03   1.221
-0.007   -0.401
-0.014   -1.267
-0.009   -0.789
-0.047   -0.506
0.008   -0.718
0.004   -0.507
0.01   0.909
-0.053   -1.522
-0.019   -1.022
0.039   0.74
0.014   0.979
0.031   -0.193
0.022   -1.17
0.01   -0.94
-0.025   -1.222
-0.005   -2.414
-0.014   -0.667
-0.04   3.379
-0.011   -2.163
0.006   0.824
0.023   -1.178
-0.033   0.735
-0.038   -0.863
-0.024   -1.039
0.023   -1.862
-0.001   -1.91
-0.003   -1.509
0.008   0.03
0.027   -0.89
-0.062   1.307
-0.047   -0.986
-0.015   -0.999
-0.009   -1.16
0.008   -0.775
0.048   -1.117
-0.022   0.292
0.04   0.787
0.029   -1.04
0.019   -2.179
0.026   -0.63
-0.001   -1.196
0.016   -1.882
-0.064   0.485
0.021   1.898
-0.053   -1.633
-0.075   -1.556
-0.025   -0.113
-0.027   0.909
0.055   -0.867
0.03   1.283
-0.044   1.198
-0.019   0.324
0.045   -0.624
0.012   -2.106
-0.007   -0.246
-0.001   -1.638
0.002   -0.305
-0.015   -1.573
0.03   -1.004
-0.011   1.539
0.022   -1.339
0.038   -1.6
0.022   -0.13
-0.056   0.555
-0.013   -1.303
-0.024   0.858
0.05   -0.981
-0.053   -1.61
-0.017   0.354
0.021   0.865
-0.011   -0.055
-0.04   -2.16
-0.027   -1.177
0.064   1.014
-0.044   -0.821
-0.047   -0.789
-0.051   -1.561
-0.03   0.238
-0.038   -0.272
0.047   -1.449
0.011   0.22
-0.051   -0.811
0.007   -1.029
0.053   -3.315
0.012   -2.517
0.01   -0.699
-0.007   -1.446
-0.055   0.159
0.01   -1.231
-0.035   -1.238
0.019   -1.765
-0.014   -1.533
0.007   -2.58
0.02   -0.648
0.003   -0.839
0.05   1.499
-0.005   2.46
-0.024   0.196
0.019   0.552
-0.012   1.317
0.016   -1.889
-0.068   0.176
-0.013   -1.574
0.048   -0.797
-0.043   1.828
0.032   -0.653
-0.018   -1.223
-0.02   0.969
0.054   -1.604
-0.007   -0.05
-0.021   -0.774
0.034   -2.053
0.002   -0.528
0.029   1.622
-0.053   -0.713
0.018   -0.935
-0.032   -1.176
-0.045   -0.887
-0.014   -1.616
0.014   0.721
0.03   -0.911
-0.053   0.824
-0.109   -1.343
0.032   -1.432
0.004   -1.843
-0.038   -1.756
0.001   -1.221
0.077   -1.505
-0.007   -1.648
0.025   -0.339
-0.007   -0.58
-0.03   -1.516
-0.01   -0.852
0.017   -2.105
-0.032   -1.624
0.032   -2.252
0.058   -0.722
0.013   0.067
0.047   -1.296
0.007   -0.758
-0.008   -1.136
0.078   0.549
-0.032   -1.805
0.026   -0.787
-0.004   -1.191
-0.046   -0.771
-0.023   -0.174
-0.035   0.558
0.001   2.742
0.011   -1.305
0.023   -1.041
0.016   0.78
-0.032   0.101
-0.029   -1.122
-0.019   0.228
-0.047   1.29
0.014   -0.779
0.002   3.041
0.022   0.716
0.008   1.649
0.042   0.002
0.037   -0.337
-0.047   -1.592
0.002   -1.237
0.037   -1.118
0.017   2.259
-0.036   -0.578
-0.032   -1.031
-0.042   -1.799
-0.025   -0.856
-0.008   -0.704
-0.053   -0.103
-0.002   0.064
-0.046   -0.821
0.034   -1.323
-0.022   -0.724
0.036   -0.237
-0.035   2.525
0.015   -0.924
-0.035   -0.739
0.015   -0.062
-0.03   -0.214
-0.008   -2.075
0.007   -1.658
-0.007   -1.526
-0.069   -2.047
-0.002   -2.081
-0.003   -0.349
0.033   -1.205
-0.016   1.116
-0.028   -1.857
-0.022   -1.145
0.006   -2.254
-0.039   -0.707
-0.034   -0.716
0.02   -0.947
0.052   2.752
0.053   -1.697
0.002   -1.467
0.012   1.688
0.024   0.983
-0.033   -0.837
-0.005   -0.392
0.022   -1.069
-0.012   -1.28
0.019   -1.769
-0.022   0.402
-0.005   -0.117
-0.0   -0.779
0.026   -1.766
-0.009   -1.658
0.002   -0.619
-0.085   -1.185
0.024   0.687
-0.004   -0.856
0.069   -0.239
-0.02   -0.76
0.023   -1.743
0.027   1.341
-0.052   -0.392
0.037   0.417
0.032   1.175
0.006   -2.167
0.007   2.137
0.024   -1.546
0.001   0.283
0.054   -3.549
0.018   0.005
0.008   -0.846
0.0   -2.075
0.014   -1.882
0.041   -1.32
-0.048   0.76
-0.052   -1.227
0.018   -3.114
-0.036   -0.916
-0.007   -0.257
-0.084   -0.636
-0.017   -1.635
0.009   -0.691
0.005   -0.83
-0.018   -1.586
0.01   -0.394
-0.029   -0.16
-0.02   -0.739
0.02   -0.606
0.038   0.763
-0.033   -0.613
-0.006   1.071
0.039   -0.603
0.001   2.795
-0.081   0.143
0.036   0.452
-0.005   -0.719
-0.082   2.56
-0.017   -0.206
0.037   -0.947
0.014   -1.517
-0.027   -0.699
-0.035   1.206
-0.012   -0.646
-0.05   -0.87
0.0   -1.013
-0.029   -1.032
0.006   -0.775
-0.018   -2.699
0.013   -1.653
-0.03   -1.603
-0.005   -1.602
0.008   -0.103
0.011   0.055
-0.044   -0.695
0.001   -0.778
0.012   -0.751
-0.042   -1.821
0.025   -1.306
0.009   -1.155
-0.055   -1.071
0.048   -1.341
-0.011   0.919
0.024   2.111
-0.038   0.511
-0.007   -0.937
-0.041   0.298
0.021   -0.069
0.058   -0.085
-0.034   -0.919
0.016   -1.268
-0.021   -2.5
0.007   1.597
-0.016   -1.128
-0.044   -0.345
-0.073   -1.325
-0.01   -1.237
-0.024   0.716
0.006   1.238
-0.018   -0.588
0.011   1.242
-0.047   1.264
0.019   1.037
-0.043   -1.362
-0.036   -2.075
-0.024   0.192
-0.023   -0.666
0.013   -1.164
-0.014   -1.92
0.022   1.453
0.063   -2.218
0.014   -0.912
0.029   -2.139
-0.045   -1.93
-0.015   -0.913
-0.014   1.586
0.045   -1.152
-0.013   -0.893
0.001   -0.751
-0.027   2.257
0.031   -1.186
0.027   -0.889
-0.016   -1.011
0.027   0.106
0.078   -0.665
0.037   -2.797
-0.017   -1.312
0.03   1.714
0.007   0.138
0.034   0.307
0.041   -0.741
-0.05   -2.182
0.029   0.301
0.012   0.232
-0.029   -1.103
0.01   -1.395
-0.052   -0.623
-0.029   -0.798
0.01   -2.396
0.027   -1.952
0.055   -0.694
0.036   -0.418
0.021   -1.272
-0.035   -1.622
0.077   -0.013
-0.027   -1.096
0.035   2.463
0.009   -0.839
-0.011   -1.421
-0.036   -0.876
0.025   -0.382
-0.005   -0.508
0.04   -0.919
-0.035   -1.308
0.046   -1.769
-0.06   -0.858
0.01   -2.123
0.016   -1.605
0.044   -2.142
-0.043   -1.567
-0.021   -0.732
-0.022   -0.651
-0.047   -1.052
-0.016   -0.221
-0.021   -0.854
0.005   -0.694
0.039   -1.378
-0.045   1.138
0.036   -0.954
0.018   -0.966
0.011   -2.184
0.048   -0.928
0.047   -1.397
0.033   0.625
0.043   -0.595
-0.009   -1.637
-0.023   -0.843
-0.041   -0.979
0.019   -0.902
0.014   -0.809
-0.078   1.058
-0.006   -1.288
0.021   -0.664
0.063   -1.805
-0.063   -0.47
-0.024   1.592
-0.021   -0.803
-0.037   -1.709
-0.069   -0.97
-0.047   1.577
0.02   -1.687
0.038   0.71
-0.054   1.359
0.019   0.235
0.02   -0.057
-0.025   -2.054
0.015   -0.79
0.011   -0.671
-0.03   -1.356
0.026   0.108
-0.044   -1.849
-0.066   0.541
0.017   0.989
0.012   -1.204
-0.044   -1.052
-0.037   -0.685
0.039   -0.355
-0.002   -0.357
-0.005   -1.037
0.03   -0.909
0.033   -3.119
0.026   -0.813
0.063   0.178
0.02   -1.093
-0.041   -1.067
-0.038   -1.15
-0.02   0.046
-0.007   0.54
-0.004   -1.53
0.031   -1.251
-0.069   -0.038
-0.019   -0.99
0.008   -0.054
0.007   -2.13
0.023   -0.629
0.062   -1.189
0.066   -0.958
-0.033   0.736
0.027   -0.344
-0.005   -1.0
-0.005   -1.815
-0.056   -1.391
-0.015   -0.7
-0.024   0.326
-0.038   -0.6
0.0   -3.432
0.041   -0.625
-0.004   1.403
-0.015   2.373
-0.018   1.003
0.004   -1.977
0.017   0.64
0.007   -0.294
0.013   -1.922
0.038   -1.531
-0.06   -1.714
-0.012   2.401
0.086   -1.028
-0.029   1.414
0.011   0.954
-0.0   -0.804
-0.058   -0.752
0.011   0.483
0.004   -1.16
-0.055   1.807
-0.028   -0.227
0.008   -0.539
0.021   -1.915
-0.017   0.856
0.056   0.886
0.032   -0.816
0.018   -0.773
0.065   0.922
0.001   -1.236
-0.045   -1.192
0.026   -0.948
-0.042   -1.535
-0.036   -1.314
-0.009   -1.011
-0.042   -1.62
-0.042   -1.745
-0.016   -0.98
-0.019   -0.754
-0.037   -3.178
0.059   -0.91
0.012   -0.189
-0.011   -1.68
-0.011   -0.051
0.048   -0.112
0.023   -0.991
0.066   -0.742
-0.065   0.088
0.017   -0.889
0.049   -0.374
-0.056   -1.742
0.012   -0.999
0.002   0.079
-0.009   -0.856
0.033   -0.646
0.04   -0.735
0.023   -1.238
0.01   0.53
-0.025   -0.712
-0.017   -1.469
0.062   -1.07
0.029   2.597
-0.037   -0.986
-0.059   -0.866
0.018   -0.471
-0.02   -1.083
-0.036   0.472
-0.028   -0.995
0.017   -1.415
0.021   -0.345
0.041   -1.614
-0.0   -1.03
0.069   -1.458
-0.058   -0.439
-0.058   -0.171
0.011   -0.817
0.032   -0.946
0.019   -0.761
0.043   -1.044
-0.041   1.209
0.01   0.483
0.051   -0.888
0.026   -1.283
-0.041   -2.614
-0.003   -0.673
-0.015   0.64
-0.043   2.167
-0.03   0.965
0.006   -0.417
0.043   -0.517
-0.023   -0.412
0.015   -1.721
0.043   0.883
0.044   -1.401
0.017   0.107
0.022   -1.084
-0.042   -1.004
0.038   -0.824
0.033   -0.8
-0.003   0.104
0.019   -1.017
-0.015   0.328
-0.023   -1.056
0.013   0.746
0.019   -0.368
-0.017   -0.123
0.014   -0.492
0.046   -2.371
-0.049   0.491
-0.029   -0.276
0.02   -0.619
0.007   -0.59
-0.051   -0.283
-0.029   0.349
0.023   0.961
0.045   0.958
-0.014   -0.703
0.006   -0.253
-0.032   0.127
0.048   -0.82
0.043   -0.76
-0.055   -0.807
0.022   1.226
0.065   -1.902
0.021   -0.824
-0.011   -0.838
-0.062   -1.656
0.011   -0.22
0.03   -2.316
0.056   1.437
-0.024   0.723
-0.0   1.393
0.024   0.327
-0.05   -1.061
-0.007   -0.949
-0.031   -0.754
-0.041   -0.384
-0.012   -1.016
-0.035   0.343
0.071   -0.713
-0.011   -2.75
-0.059   0.698
0.021   -0.931
-0.006   -1.192
-0.031   -0.251
-0.022   -1.001
0.024   -1.902
0.002   -0.548
-0.011   0.223
0.031   -1.257
0.036   -0.116
-0.048   1.796
0.033   -0.273
0.039   -1.402
0.024   -1.373
0.019   -1.955
0.008   -1.657
-0.091   -1.572
0.048   -2.029
0.012   -2.191
0.035   -1.036
0.006   -1.617
0.046   1.144
-0.036   2.877
0.061   0.576
-0.008   0.818
0.066   -0.506
0.022   -1.076
-0.037   -1.241
-0.018   -0.976
0.013   3.071
0.027   -0.945
0.009   -0.142
0.012   3.891
-0.055   1.286
-0.027   0.95
0.023   -1.732
-0.026   -1.856
0.066   -0.964
0.002   -1.218
0.015   -1.4
-0.009   -0.247
-0.035   -1.629
-0.046   -2.236
-0.045   4.551
-0.011   -0.384
-0.034   -0.694
0.057   -0.986
-0.04   -1.462
-0.036   1.258
0.032   0.568
0.014   1.076
0.021   -1.636
-0.011   -1.059
-0.015   -0.817
-0.002   -0.945
0.029   -1.207
-0.018   -0.521
-0.052   -1.137
-0.012   -0.696
0.025   -1.389
-0.017   -0.596
-0.022   -0.609
0.02   1.315
-0.018   0.064
0.015   0.151
0.06   0.913
0.016   -1.171
0.021   -1.426
-0.004   -1.016
-0.018   -1.028
-0.02   2.612
0.005   -2.075
0.056   -0.964
-0.006   -0.906
-0.02   -0.543
-0.007   -0.556
-0.086   -1.072
-0.034   -0.044
0.041   -1.38
-0.007   0.945
0.016   -0.851
-0.027   -1.633
-0.024   1.165
0.07   -0.692
0.009   -0.173
0.002   -0.742
0.013   -0.614
0.052   -2.141
0.024   -1.058
-0.035   1.01
0.043   -0.633
-0.029   -0.86
0.022   -0.681
-0.032   -0.762
-0.012   1.162
-0.02   0.541
0.051   -1.584
0.012   -0.874
-0.037   -1.843
0.013   -1.261
-0.042   -1.27
-0.015   -0.638
0.044   -1.372
-0.036   -1.124
-0.026   0.015
-0.038   -0.777
0.053   -0.745
0.067   -1.167
-0.033   -1.136
0.008   -1.806
0.033   -2.099
0.019   -0.949
0.029   -1.65
0.079   -1.797
-0.035   0.247
0.027   -0.984
0.046   -0.643
0.023   -2.457
0.006   -0.309
-0.045   -0.997
0.027   -1.778
0.056   -1.121
0.018   -1.75
-0.015   0.079
-0.026   0.649
-0.031   -2.134
-0.002   -1.148
-0.025   -1.48
-0.008   0.221
0.012   -0.674
0.005   -2.227
0.023   -0.681
0.0   -0.834
0.014   -1.083
0.023   2.231
0.047   -1.1
0.035   0.474
-0.048   -1.953
-0.048   0.111
0.01   0.461
0.042   -0.596
0.052   0.867
-0.016   0.269
0.001   -0.911
-0.002   0.291
0.004   -0.868
0.043   -1.5
0.055   -1.394
-0.072   -1.34
0.025   -1.414
0.054   -0.053
0.039   -0.884
0.013   -2.016
-0.081   -1.115
0.029   1.87
0.013   -1.126
0.035   -0.745
-0.036   -1.281
0.014   1.789
-0.027   -1.795
-0.029   -0.62
0.024   -2.213
-0.026   -0.73
0.01   -1.386
0.021   -0.943
-0.005   0.431
-0.003   -0.848
-0.032   -0.632
-0.021   -0.865
0.023   -1.848
-0.026   -1.708
0.032   0.869
0.047   0.505
0.035   -0.457
-0.04   -0.01
-0.021   -1.164
0.001   0.457
0.037   0.51
0.051   -1.339
0.048   0.231
0.026   -1.028
0.002   -0.05
0.062   -1.754
-0.015   0.459
0.026   -1.169
0.036   -2.048
-0.024   -2.242
0.074   -1.638
0.011   -1.655
-0.001   -1.035
-0.0   2.483
-0.008   -1.253
-0.042   -1.159
0.005   0.658
-0.012   -2.163
-0.023   -1.216
-0.033   -0.41
-0.05   -0.808
0.048   -0.81
-0.002   -1.518
-0.001   -1.174
0.018   1.51
0.024   -0.682
0.052   -0.128
-0.021   -2.454
-0.021   -0.665
0.003   1.755
-0.038   0.92
0.019   -1.216
0.088   -2.091
-0.007   -0.787
0.028   1.278
0.025   -0.946
0.083   1.388
-0.029   -0.679
0.006   -0.091
-0.027   -3.118
0.04   -0.201
-0.048   -1.26
-0.03   -1.355
0.017   -1.668
0.058   -2.237
0.035   0.594
0.021   -0.931
0.022   0.586
-0.077   0.776
-0.041   -0.932
-0.01   -1.269
-0.016   -2.005
0.02   -1.334
-0.06   0.012
0.014   -0.606
-0.001   -1.167
0.017   -1.086
0.019   -0.993
-0.038   -0.314
-0.043   -1.111
-0.0   -1.308
0.051   -0.096
0.01   -1.161
0.034   -1.078
-0.029   -1.667
0.038   -0.706
0.03   -0.641
-0.008   -0.687
-0.044   -1.361
0.006   -0.62
-0.03   -1.791
0.025   -2.002
0.036   -0.089
-0.001   -1.168
0.004   -0.69
0.004   -2.558
-0.037   2.379
0.024   -2.101
0.037   -1.105
-0.028   -0.811
0.035   -1.43
0.031   -0.774
-0.004   -0.75
-0.017   -0.294
-0.05   1.171
0.009   -1.505
0.042   -0.742
-0.061   -0.761
0.052   0.757
0.021   1.557
0.055   -0.168
0.049   -0.535
0.033   -1.933
-0.03   -2.192
0.042   -1.701
0.062   -1.197
0.003   -0.763
-0.07   -1.929
0.008   -0.608
-0.044   -1.145
0.027   0.193
-0.024   1.349
0.016   1.636
0.008   -2.2
-0.037   -0.046
0.018   -0.972
-0.001   0.123
-0.028   -1.058
0.015   0.378
-0.011   0.162
-0.023   -1.301
0.06   -2.212
0.015   0.422
-0.022   1.941
-0.028   -1.885
0.012   -1.408
0.013   -1.03
0.023   2.235
-0.06   -0.97
0.004   -0.152
0.001   -2.01
0.03   -0.684
0.04   -1.295
-0.001   -0.503
-0.043   0.849
-0.014   -1.214
-0.007   0.151
0.031   -0.795
0.026   -2.523
0.006   -1.816
0.022   0.308
0.017   -1.558
-0.074   0.28
-0.076   0.237
0.002   1.82
0.002   -1.045
-0.039   -1.834
0.05   -0.814
0.013   -0.887
-0.014   1.081
-0.021   -0.653
0.026   -0.669
-0.031   1.389
0.042   -0.068
0.003   -0.931
0.002   -1.092
0.013   1.873
-0.006   -1.227
-0.038   -2.363
-0.046   -0.041
-0.015   -1.405
-0.033   1.561
-0.078   2.391
0.042   -0.554
0.054   0.098
0.002   -0.617
0.01   -1.108
-0.047   -1.127
0.019   -0.034
0.02   -0.299
-0.047   -0.039
0.037   -0.273
0.009   3.252
0.017   -0.964
0.025   0.071
-0.013   -1.534
-0.053   -1.157
0.012   1.954
-0.002   -1.541
0.004   1.479
0.022   -0.208
-0.04   -2.591
0.002   -1.874
0.016   1.026
0.022   -0.275
-0.037   1.417
0.022   -0.804
0.039   -1.692
-0.067   -1.3
0.042   -2.555
0.059   -0.943
0.019   -2.389
-0.026   -0.523
0.001   0.139
0.049   -0.829
-0.01   -0.507
0.026   -0.997
-0.04   -1.124
-0.027   -1.339
-0.014   -1.6
-0.053   -1.458
-0.016   -0.774
0.033   -1.055
0.0   1.999
0.053   -1.932
0.006   -1.142
0.025   -1.667
0.01   1.276
-0.015   -1.265
0.047   -0.678
0.076   -2.084
-0.005   -0.924
0.056   -1.563
0.02   -1.222
-0.036   -0.609
-0.002   -0.1
-0.016   -0.767
0.026   -1.044
-0.001   -0.562
-0.04   -0.796
0.019   -2.159
0.021   -2.079
-0.015   -0.642
0.036   -1.516
0.006   -0.89
-0.015   -0.524
-0.054   -0.652
0.043   -2.569
-0.048   -1.433
-0.018   -0.091
0.06   -0.63
0.08   -0.607
-0.041   -1.029
-0.028   -1.985
-0.021   -0.68
-0.018   -0.459
-0.019   -0.781
-0.032   1.604
-0.013   -1.856
-0.046   1.126
-0.03   -1.212
-0.038   -1.496
0.053   -1.117
-0.01   -0.624
0.014   0.076
-0.017   -1.424
0.044   -0.719
0.026   -1.003
0.01   -2.117
0.017   -1.955
0.063   0.761
0.066   -0.252
-0.029   -0.714
-0.004   -0.127
-0.011   -1.677
-0.045   -1.188
-0.027   -0.672
-0.014   -0.647
0.002   -3.653
0.011   0.393
-0.041   1.398
-0.04   -0.206
0.024   0.429
0.05   -1.356
0.016   -0.861
0.031   -0.933
-0.05   -0.896
0.004   1.389
0.012   -1.924
-0.025   -0.252
0.008   -0.621
-0.035   -1.005
0.005   -1.101
0.012   -0.204
0.032   -0.852
-0.015   -2.474
-0.028   -1.353
-0.015   -0.854
0.022   -0.836
0.022   -1.129
0.013   0.536
0.063   -0.22
0.002   -1.118
0.003   -1.378
-0.029   1.21
-0.025   -0.816
0.02   -0.148
0.021   1.394
-0.016   -1.152
-0.008   -0.436
-0.018   -2.327
-0.025   -0.703
-0.006   -1.16
-0.031   -0.82
-0.059   -2.691
0.027   -1.795
0.005   -0.781
0.009   -1.026
-0.035   1.125
-0.043   -1.348
0.02   0.762
0.077   -0.077
0.044   -1.012
-0.042   -0.323
0.027   -0.533
-0.019   0.737
0.024   0.843
0.032   -0.458
0.009   -0.125
0.024   -0.992
0.003   -1.03
0.039   -1.335
0.01   0.195
0.081   -0.838
0.068   -0.352
0.031   -1.387
0.052   -0.808
0.011   -0.802
0.064   -0.61
-0.008   0.648
0.019   -0.529
0.016   -1.582
0.021   -1.122
0.042   -0.151
-0.063   1.65
-0.031   0.058
0.036   -2.509
0.032   -0.224
-0.005   -2.136
0.053   -0.894
0.012   -0.894
-0.001   -2.038
0.005   1.609
0.049   0.431
0.025   1.386
-0.072   -1.958
-0.025   -1.697
-0.003   0.661
-0.02   -0.878
0.029   -3.034
-0.029   -1.114
0.03   -1.446
-0.032   0.857
-0.044   -1.919
-0.039   -0.996
-0.038   0.15
-0.052   -2.165
-0.042   -2.213
-0.017   -1.4
-0.044   -0.519
-0.004   -0.235
-0.033   -2.306
0.024   -0.831
-0.008   0.347
-0.024   -0.43
0.002   -1.4
-0.031   -1.26
0.025   1.652
-0.019   -0.288
0.02   -0.335
-0.046   -2.021
0.051   -1.716
0.004   1.223
-0.02   -0.574
-0.008   -0.699
0.031   1.498
0.046   1.621
0.019   1.163
0.005   -2.164
-0.012   0.138
-0.043   -1.545
-0.017   1.74
0.036   -0.491
-0.026   -1.343
0.047   0.002
-0.041   -0.201
-0.027   -0.688
0.045   -1.104
-0.005   -0.731
0.006   -1.09
0.035   -1.108
0.001   -1.563
0.008   -0.66
0.024   -1.007
-0.018   -0.22
-0.051   -1.287
-0.029   -0.338
-0.027   -1.05
0.06   -0.985
0.017   -0.636
-0.048   -0.609
-0.014   -1.834
-0.032   -2.241
0.082   -0.256
0.03   -0.629
-0.016   -1.063
0.021   -0.681
0.025   -0.061
-0.009   -1.422
-0.028   -1.377
0.059   -0.87
0.024   -2.301
0.0   -1.01
-0.035   0.539
0.014   1.284
0.019   -2.399
0.031   -1.396
-0.019   -2.008
0.024   -0.959
-0.039   1.522
-0.039   -1.3
-0.02   -0.55
-0.024   0.88
0.025   -0.954
0.043   -1.044
-0.027   -0.147
0.058   0.119
0.066   1.965
-0.019   -1.45
-0.003   -1.86
-0.03   0.634
-0.023   -0.27
0.02   -1.318
-0.026   -0.589
-0.009   0.749
-0.013   -0.062
-0.066   -1.218
0.041   -0.828
0.045   -0.936
-0.026   -2.048
-0.012   -0.697
-0.036   -1.163
-0.008   2.293
-0.037   -0.19
0.019   -1.627
-0.045   -0.703
0.029   -0.966
0.01   -0.613
-0.036   -0.566
-0.008   -1.788
-0.009   -2.364
0.031   -2.002
-0.037   -0.089
0.006   -0.562
0.019   -0.91
-0.023   -0.827
0.011   -0.242
0.009   1.03
0.05   -1.18
-0.036   -1.368
0.059   -0.584
-0.03   -0.961
-0.061   -0.797
-0.015   -0.862
0.014   1.78
0.019   0.431
-0.038   0.297
-0.011   -1.148
-0.027   -0.746
0.001   -0.83
-0.041   -0.759
0.019   -1.131
0.04   -1.018
0.068   -0.582
0.0   -0.333
-0.0   -0.936
-0.074   1.504
0.022   -0.437
-0.013   -2.262
0.046   -1.882
-0.003   -0.823
-0.002   -0.915
-0.009   -0.581
-0.061   -1.877
-0.027   -1.0
-0.025   -0.736
0.055   0.806
0.038   -2.839
-0.01   -0.31
-0.017   0.017
-0.014   -1.355
-0.012   -0.768
-0.009   -2.004
-0.0   -1.597
-0.002   -1.514
0.035   -0.792
0.04   -0.052
0.038   0.089
-0.013   -0.587
-0.005   -0.784
-0.006   -1.456
-0.011   -1.264
0.007   -1.93
0.021   -0.665
-0.052   -0.344
-0.037   0.712
0.042   -0.743
-0.015   -2.073
-0.018   -0.338
-0.043   -1.271
0.058   1.924
0.009   -1.095
0.031   -0.075
-0.004   -0.939
0.041   -2.133
0.023   0.313
0.023   -0.752
0.03   1.222
0.014   1.419
-0.023   -0.663
0.029   -0.834
0.059   -0.017
-0.001   -0.772
0.048   0.453
0.008   -0.954
0.039   0.517
-0.009   -1.124
0.027   -0.69
0.031   -0.04
0.004   -1.468
-0.024   -1.265
0.034   -1.135
-0.054   -0.66
-0.016   0.219
0.024   -1.159
-0.052   -0.68
0.039   -0.408
0.015   1.269
0.034   -1.601
-0.008   0.606
-0.033   0.832
-0.006   -0.852
0.034   -1.13
0.03   1.71
0.013   -0.475
-0.004   -1.441
-0.021   0.353
0.01   -1.8
0.036   -0.234
-0.011   -0.959
-0.02   -0.794
0.002   -2.472
0.052   -2.393
0.017   -0.948
-0.048   -0.682
-0.015   -0.881
0.012   -2.989
-0.046   -1.59
0.044   -0.582
-0.018   2.008
-0.032   -1.453
0.014   -0.92
0.036   -1.041
-0.008   -1.916
0.022   -1.786
0.01   -0.722
0.028   3.968
0.033   -0.66
-0.04   -1.654
-0.012   -1.648
0.009   -1.097
0.026   -1.016
-0.03   -0.216
0.052   -0.643
0.043   0.154
-0.052   0.487
0.014   -2.138
-0.028   -1.644
0.024   -0.747
-0.079   -0.85
-0.016   -0.934
0.002   -1.684
-0.022   -1.63
-0.018   -0.84
0.002   -0.75
0.041   0.875
-0.02   2.478
0.006   -0.595
-0.014   -0.656
-0.085   -0.515
-0.0   -0.768
0.009   -1.274
-0.004   -2.073
-0.002   -1.434
0.013   -2.42
-0.045   -0.674
0.02   -1.691
-0.019   -1.015
-0.003   -1.036
-0.011   1.573
0.033   1.579
-0.028   -1.395
-0.068   -1.12
-0.004   -1.453
0.031   1.736
-0.03   -1.315
0.041   -0.975
-0.006   -0.999
-0.025   0.376
0.078   -1.608
-0.019   1.543
0.009   0.124
-0.037   -0.937
0.039   -1.139
0.043   -0.083
-0.056   -2.824
0.032   -1.804
-0.038   -1.3
0.001   -1.053
-0.001   0.419
-0.072   -1.005
-0.02   -0.806
0.001   -0.091
-0.004   -1.303
-0.034   -0.961
0.025   -0.727
0.071   -1.228
0.026   -0.711
0.008   1.314
0.008   -0.599
0.023   -1.119
-0.041   -0.539
0.035   1.654
-0.059   -0.124
-0.037   -1.543
-0.052   0.389
0.016   1.602
0.047   -0.623
-0.003   -0.165
-0.012   -0.685
0.006   -0.405
-0.056   -0.536
-0.032   -3.039
-0.063   -0.838
-0.034   -0.937
0.031   -0.682
0.02   -0.249
-0.015   1.204
0.028   -0.52
0.021   1.281
0.025   2.037
0.005   0.226
-0.024   -0.147
0.002   0.734
-0.044   -1.124
0.017   -0.304
0.038   -0.001
0.031   -0.792
0.06   -1.082
-0.081   -0.084
-0.026   -1.402
0.056   -0.921
-0.026   -0.86
-0.0   -0.855
-0.02   -1.942
0.004   -0.867
-0.0   -0.711
0.081   -0.785
0.022   -2.257
-0.001   -1.08
-0.073   -1.118
0.029   -1.055
0.052   -2.238
0.022   -1.12
-0.045   -0.66
0.03   1.738
0.044   -0.868
-0.006   -1.884
-0.039   -1.933
-0.054   -1.213
-0.043   -1.316
-0.027   -2.411
0.01   -0.712
-0.003   -1.113
-0.068   -2.072
-0.022   1.948
-0.031   -1.351
-0.072   1.365
0.064   -0.98
-0.029   -0.987
0.047   1.041
-0.037   0.159
-0.014   -0.593
0.021   -0.86
0.019   -0.667
-0.027   -0.597
0.009   -0.916
-0.035   -0.248
-0.031   0.358
-0.004   -2.241
-0.038   0.824
0.053   0.759
-0.023   -0.885
-0.077   -0.403
0.009   -0.452
-0.002   -0.846
0.001   1.662
-0.008   -0.726
0.051   -0.329
-0.049   -1.544
0.003   -1.983
-0.028   -0.376
-0.025   0.451
-0.049   1.57
-0.002   -1.008
-0.009   -1.147
-0.043   0.512
-0.031   2.064
0.038   -1.262
0.05   -1.156
0.023   1.114
-0.018   -0.284
0.03   -0.463
0.049   0.158
-0.044   -1.469
0.034   0.187
0.087   1.606
-0.035   -1.344
-0.022   -0.475
-0.016   -0.017
0.031   -0.743
-0.031   -0.444
-0.031   -0.893
0.033   -1.271
0.038   -0.596
0.037   -1.707
-0.056   -1.896
0.048   -1.555
-0.05   -0.906
0.078   -2.443
0.019   -0.653
0.007   0.315
-0.016   2.761
-0.023   -2.018
-0.039   -1.308
-0.058   -1.313
-0.007   -0.834
-0.015   -0.648
-0.008   -0.642
-0.041   -0.625
-0.031   0.478
-0.069   -0.409
0.057   -0.838
0.01   -1.113
0.051   -0.791
0.012   -0.139
0.013   0.004
-0.01   -0.766
0.045   -0.787
0.045   1.212
0.061   0.889
-0.053   -1.147
0.044   -2.088
-0.049   -1.452
0.02   -0.89
-0.045   -1.566
-0.099   -1.088
0.019   -1.54
0.053   -0.205
0.012   -1.26
0.01   -0.765
0.003   -1.572
0.034   -0.634
0.026   -0.587
0.051   0.502
-0.024   -2.067
0.034   -0.962
0.017   -1.048
-0.049   -0.946
-0.012   -1.213
-0.016   0.299
0.006   0.869
0.015   -0.702
-0.052   -0.825
0.013   -0.552
-0.013   1.211
0.015   -0.815
0.036   -1.102
-0.072   -0.934
-0.017   0.331
-0.004   -0.212
-0.008   -0.816
0.017   -0.684
-0.044   -2.125
0.051   0.0
-0.039   -2.666
0.007   -1.52
0.005   -2.873
0.021   -0.829
-0.01   -0.75
-0.001   -0.783
-0.046   -0.667
0.021   -0.986
0.063   -0.556
-0.026   0.809
-0.01   -1.999
-0.038   -1.221
0.018   -2.322
0.014   1.203
-0.051   -0.486
-0.052   0.785
-0.01   -1.039
-0.005   -1.446
0.013   1.032
-0.007   -0.861
0.016   -2.098
-0.008   -0.673
0.056   -0.763
0.013   -0.723
0.003   -1.134
0.005   2.746
-0.056   3.176
-0.025   -0.93
-0.033   -2.781
-0.014   -0.895
0.016   -1.347
-0.016   0.529
-0.011   -0.995
-0.06   -1.658
-0.017   -1.027
0.026   2.23
0.008   -1.234
-0.052   1.387
0.029   -0.682
-0.009   2.503
-0.043   -2.381
0.009   1.447
-0.031   -1.637
0.023   -2.136
0.049   -0.877
0.02   -0.866
-0.03   -0.844
-0.037   -0.568
-0.012   -1.409
0.049   -0.102
-0.014   -0.251
-0.013   -2.117
0.047   -1.728
-0.05   -1.43
0.022   -1.465
0.022   0.146
0.02   -1.664
-0.037   -0.853
-0.047   -0.885
-0.053   -1.944
-0.01   0.663
-0.042   0.685
-0.038   -0.96
-0.053   -0.984
0.055   -0.986
-0.001   -0.787
-0.045   0.887
-0.021   -0.732
-0.066   -1.215
0.033   -0.36
-0.014   -0.763
-0.051   1.25
-0.002   1.616
-0.014   -1.243
0.0   -0.43
0.066   -0.901
-0.04   -0.539
0.037   0.445
-0.013   -0.704
-0.048   -0.776
-0.004   -0.972
0.029   -0.578
-0.035   -1.212
0.057   -1.65
-0.02   -0.617
-0.02   -1.581
0.017   1.07
0.034   -1.888
-0.018   1.082
-0.054   -0.712
0.006   -0.945
-0.022   -0.598
-0.054   -0.963
-0.02   0.025
-0.041   -1.195
0.025   0.133
-0.005   0.089
0.062   0.474
0.028   -0.665
0.024   1.405
-0.049   -0.211
-0.033   -0.871
-0.007   -0.981
-0.005   -0.921
-0.035   -1.033
-0.052   -1.121
-0.028   3.426
0.05   -1.269
-0.003   -1.834
0.023   -0.013
-0.066   -0.843
0.023   -1.435
0.045   -0.726
-0.044   -2.156
0.025   -1.181
0.017   -0.71
-0.018   -1.786
0.016   -1.771
-0.006   -0.969
0.054   -0.848
0.054   0.01
0.027   -1.21
-0.018   -1.621
0.011   1.199
0.014   0.699
0.028   -0.635
-0.016   -0.38
0.005   2.578
-0.05   -1.209
0.048   -1.122
-0.018   -1.178
0.031   -0.698
0.02   -0.965
-0.002   -0.747
-0.002   -0.683
0.004   -1.829
0.016   1.125
0.023   -0.768
-0.008   -2.321
0.006   1.004
-0.02   -0.822
-0.017   -1.46
-0.038   0.063
0.021   -0.682
0.014   -1.273
-0.057   1.432
0.037   -1.313
0.006   0.857
-0.022   -0.801
-0.028   0.564
0.05   -0.954
0.029   -0.243
0.023   0.193
0.018   -0.667
-0.04   -0.757
0.028   -0.085
0.007   2.103
-0.01   -0.698
-0.001   -1.233
-0.023   0.142
-0.0   0.046
0.042   0.667
0.049   -1.381
0.013   -0.054
-0.035   1.114
-0.047   0.0
0.002   0.13
-0.019   -1.266
-0.051   0.448
0.014   0.358
-0.022   -1.38
0.022   0.126
-0.038   0.504
0.02   -2.041
0.016   1.629
-0.053   -0.679
-0.008   -1.741
0.007   -0.745
0.026   -2.21
0.053   -1.167
0.049   -1.209
-0.037   -2.037
-0.005   -0.692
0.03   -1.876
-0.041   1.801
-0.048   -0.809
0.048   -1.104
0.032   -0.646
0.044   -1.404
-0.042   -0.758
-0.029   0.79
0.064   -0.268
-0.035   -1.486
0.008   -0.948
0.047   -1.288
-0.037   -0.252
0.06   0.294
0.044   -1.418
0.068   0.162
-0.033   1.471
0.0   -1.55
0.013   -0.692
-0.049   -1.318
-0.002   -0.84
0.036   1.738
-0.009   -0.035
0.029   -0.932
0.017   -0.888
-0.028   -0.945
0.041   0.323
-0.037   -1.061
0.042   1.404
-0.005   0.738
-0.035   -0.233
0.002   -1.347
-0.011   -1.231
0.031   -0.709
-0.016   0.097
0.017   -0.545
-0.019   -1.967
0.009   0.768
0.017   -0.624
0.041   0.637
-0.058   -0.94
0.004   -2.119
0.037   -2.16
0.008   -2.493
-0.012   -1.886
-0.028   0.248
0.01   0.418
0.009   -1.52
0.026   -0.287
-0.045   -0.674
-0.005   -1.138
-0.053   -0.525
-0.033   -0.629
-0.033   0.187
0.001   1.015
0.01   -0.739
0.04   -1.029
-0.008   -1.068
0.04   -1.192
-0.019   1.022
-0.004   -0.883
-0.031   -0.769
0.007   -2.055
0.023   -1.099
-0.086   -0.659
-0.04   -0.941
0.054   0.592
-0.001   0.671
-0.003   -0.408
0.023   -1.363
-0.043   -0.744
-0.002   -0.242
-0.03   -1.612
0.062   -0.182
0.019   -1.249
-0.025   -0.727
-0.022   -0.933
0.013   1.606
-0.029   -1.643
-0.018   -2.469
0.005   -0.888
-0.015   -0.546
0.014   -2.441
0.056   -1.042
-0.003   1.669
-0.023   1.289
0.014   0.269
0.027   -1.258
0.057   -0.896
0.028   1.153
-0.032   0.836
-0.042   -1.426
0.009   0.34
-0.006   1.039
0.009   -0.081
-0.019   -1.532
0.021   1.011
0.035   -0.83
-0.036   -0.755
-0.02   -1.538
-0.039   -1.084
-0.027   0.379
-0.022   -1.304
-0.038   1.583
0.004   0.576
-0.001   -0.062
-0.048   0.098
0.012   -0.972
-0.044   0.807
-0.036   0.338
-0.03   -0.745
-0.013   1.098
0.05   -0.723
0.062   -0.621
0.002   -2.056
-0.039   -1.708
-0.002   1.593
0.021   1.677
-0.001   -0.931
-0.052   -1.93
0.017   -1.464
0.005   -0.548
0.007   -0.441
-0.039   -1.169
0.038   -0.654
0.022   -1.583
-0.004   -0.104
0.034   -0.887
-0.029   -1.114
0.015   -0.621
0.0   2.298
0.007   -0.164
-0.034   -0.731
0.019   -0.695
-0.047   -0.554
0.035   -0.619
0.032   -1.52
0.03   -1.247
-0.034   1.599
-0.036   -2.828
-0.016   -1.509
-0.031   -0.689
0.025   -2.819
-0.055   0.072
-0.008   1.565
0.009   -2.295
-0.054   -2.181
0.034   -0.917
0.028   -0.475
0.004   -1.595
0.035   -0.724
0.017   -1.017
-0.011   -1.718
0.04   -0.189
0.05   -1.569
-0.065   -0.427
0.019   -0.858
-0.009   0.229
0.033   -0.88
-0.061   -0.797
0.013   -1.667
-0.003   -1.482
0.038   0.117
0.056   -1.056
-0.002   -1.622
-0.018   0.075
0.012   -1.385
-0.041   -2.47
-0.001   -0.831
0.033   -0.215
0.022   -0.925
0.026   -0.998
-0.099   -0.807
-0.058   -1.11
-0.025   -0.759
-0.066   -0.762
-0.055   -1.174
0.021   -0.223
0.026   -0.846
0.033   -1.312
-0.016   -0.167
-0.056   -1.206
-0.019   -1.664
-0.003   -0.635
0.077   -2.267
-0.012   -1.186
0.025   0.761
-0.012   -0.704
0.032   -0.522
0.017   -0.993
0.04   -2.011
-0.041   -0.602
-0.013   -1.147
-0.011   -0.608
-0.029   -0.36
-0.003   0.734
-0.014   0.066
-0.098   -1.431
0.045   -1.912
-0.007   0.782
0.002   -1.085
-0.004   1.424
-0.034   -0.248
-0.025   -1.868
-0.036   -1.621
-0.055   2.115
-0.018   -0.971
0.064   -3.129
0.036   -0.179
0.019   -0.349
-0.011   0.415
-0.005   -1.732
0.043   -0.797
-0.01   -2.611
0.05   -0.002
-0.012   -1.485
-0.021   -0.151
0.003   -0.86
0.034   0.539
-0.039   -0.619
-0.051   0.334
0.043   -0.076
-0.015   -1.806
-0.011   -0.689
0.021   -0.346
-0.045   -1.42
-0.035   0.068
-0.005   -0.686
0.019   -2.264
0.026   4.132
0.03   -1.177
-0.05   -0.656
-0.072   -0.885
-0.04   -0.817
-0.009   2.631
0.032   -2.917
-0.019   -2.057
0.051   -2.141
-0.063   -0.959
0.002   -0.912
0.004   -1.542
0.03   -0.712
0.028   0.305
-0.003   0.902
-0.015   0.229
-0.012   -0.653
-0.056   -1.189
-0.036   -0.502
-0.055   -0.636
-0.008   -0.98
-0.017   -0.787
0.024   -1.352
-0.077   -1.306
-0.013   -0.737
0.046   -1.057
-0.033   -0.978
0.007   -2.493
0.055   -1.411
-0.035   -1.532
0.016   -1.105
-0.024   -0.678
0.017   -0.832
-0.007   -0.086
-0.045   -0.762
0.042   0.0
-0.045   -0.763
0.027   -0.646
-0.054   -1.172
0.015   0.014
0.013   -2.273
0.021   -1.08
-0.015   0.812
0.034   -1.694
0.013   0.14
0.051   -1.195
0.014   -0.125
-0.021   -0.09
-0.015   -0.394
0.013   1.15
-0.027   -0.672
-0.003   -1.388
-0.011   -0.474
-0.028   1.384
0.033   0.854
0.033   -0.863
0.026   -1.754
0.011   -1.982
-0.026   -0.719
-0.027   -1.904
-0.083   -0.779
0.027   -1.134
-0.009   1.105
0.012   1.43
-0.014   -0.196
-0.004   3.063
0.009   0.516
0.044   0.252
0.027   0.944
-0.091   -0.488
0.003   -0.718
-0.015   1.266
0.019   1.534
0.013   -1.067
0.016   -1.375
-0.043   -1.349
-0.017   -1.991
-0.02   -0.783
0.037   -1.306
0.053   -1.079
-0.058   -0.927
-0.028   -1.778
-0.001   -1.187
0.033   -0.411
0.033   0.456
-0.042   1.108
0.006   0.857
-0.01   -0.926
-0.019   -2.235
0.0   1.208
-0.018   -1.087
-0.006   -0.683
0.008   -1.382
-0.03   3.012
0.037   -0.849
0.021   -0.706
0.0   -2.274
-0.008   -1.748
0.059   -1.497
0.019   -0.417
-0.037   -0.654
0.023   -1.128
-0.007   -0.271
-0.007   -0.005
-0.025   -2.274
-0.018   -2.378
-0.03   -2.369
-0.056   -1.065
0.015   -1.273
0.033   -1.392
0.059   -0.889
-0.065   -0.327
0.009   1.733
-0.02   -2.154
-0.003   0.545
0.012   0.786
-0.016   -0.643
-0.024   -0.669
0.015   -0.682
0.04   -1.88
-0.005   -1.384
0.039   -0.88
-0.003   1.369
-0.017   0.375
-0.011   -1.063
0.007   -1.618
0.007   -1.875
-0.006   2.972
0.009   -1.489
0.014   -0.037
-0.02   -2.055
-0.057   -1.82
-0.046   -0.229
-0.001   -2.578
-0.001   -1.127
-0.037   -1.018
0.0   -0.17
0.06   -0.511
0.036   0.01
-0.036   -1.484
0.012   1.399
0.045   -1.378
0.028   0.109
-0.034   -0.677
0.036   -1.141
-0.037   1.337
0.078   -0.987
-0.003   -0.773
0.039   -1.358
-0.011   1.276
-0.011   1.194
0.001   -2.747
0.005   -0.834
-0.032   -1.254
0.007   -1.062
0.008   -0.654
-0.052   -1.344
0.031   -1.038
-0.016   -1.422
0.018   -1.401
-0.036   -1.635
0.039   1.362
0.012   -1.113
0.014   1.833
-0.003   -1.367
0.027   -1.092
-0.014   -1.092
-0.006   1.894
-0.017   -2.031
0.035   -1.781
0.059   0.682
0.011   -0.75
-0.035   -1.274
-0.039   -0.161
0.021   -0.861
-0.05   -1.072
0.044   -0.714
0.054   -1.884
0.015   -1.566
0.003   -0.176
-0.01   0.122
-0.033   -0.792
-0.026   -0.899
0.021   -1.026
-0.029   -1.19
0.015   0.776
0.039   1.448
-0.013   -2.491
-0.016   -1.652
-0.016   -1.715
0.012   -1.106
-0.029   -1.15
0.03   -1.448
0.004   -1.713
0.052   -0.79
-0.024   -1.232
-0.039   -0.701
0.051   -1.054
-0.026   -1.836
-0.029   -1.828
-0.018   -1.618
0.057   -1.266
-0.095   -2.341
0.009   -1.349
0.031   -0.752
-0.017   1.365
0.029   -0.693
-0.035   -0.849
0.017   -2.163
0.052   2.11
-0.027   -0.693
-0.028   -0.928
-0.01   1.637
0.004   -2.033
-0.082   -0.963
-0.026   -0.888
-0.055   -1.181
-0.005   -0.2
0.048   -1.749
-0.026   -0.993
-0.01   -1.001
-0.049   -1.325
-0.015   -0.725
-0.011   -2.32
0.016   -0.932
-0.006   2.02
-0.012   -0.836
0.003   0.47
-0.02   0.1
-0.047   -2.343
0.033   -0.001
0.067   -0.556
-0.002   -0.185
-0.044   0.016
-0.026   -1.353
-0.001   -2.154
0.022   -0.816
-0.018   -0.388
-0.037   -1.567
0.047   -0.952
0.021   0.853
-0.032   -2.583
-0.016   -0.683
-0.036   -1.842
-0.01   -0.927
0.013   -0.897
-0.034   -1.01
-0.002   -2.266
0.011   -1.759
0.03   -1.547
0.057   -1.083
0.04   -1.18
-0.038   -0.721
0.002   -1.344
0.062   -0.75
0.028   -1.341
-0.005   -1.765
0.034   -1.01
0.023   -1.019
-0.012   -1.624
-0.047   -2.303
-0.034   -0.764
0.0   0.428
0.043   2.211
-0.074   -0.419
0.081   -1.143
0.006   -1.623
0.041   -0.99
-0.007   -1.127
0.054   -0.061
-0.053   -1.061
0.007   0.607
-0.003   -1.462
-0.05   -1.654
0.045   -0.74
-0.018   -0.582
0.021   -1.804
-0.021   -2.701
0.002   -2.402
-0.035   -0.933
0.003   -0.202
-0.005   -1.599
-0.028   -1.038
-0.006   -0.458
-0.039   0.7
-0.016   -0.709
0.013   -0.972
-0.044   -1.636
-0.025   2.706
0.065   -0.854
0.008   -0.904
0.056   -1.824
0.008   -2.326
0.022   -0.734
-0.019   1.258
0.0   1.193
0.013   -0.8
-0.015   -0.854
0.039   -1.04
0.016   -0.033
-0.007   -1.809
-0.013   1.392
0.009   -0.097
0.026   -0.77
-0.002   0.709
0.039   2.291
0.042   -2.454
-0.038   -1.489
-0.027   -0.726
0.012   -0.912
0.035   -1.943
0.003   -0.361
0.021   -1.866
0.001   -1.503
0.02   -1.698
0.077   -0.318
-0.023   -0.776
-0.049   0.401
-0.028   0.169
0.075   -0.697
-0.035   1.746
-0.019   0.822
-0.0   1.129
0.012   -0.428
-0.041   0.797
0.075   -0.599
0.071   -0.654
0.04   -0.021
-0.032   -0.627
-0.044   -1.431
0.017   -2.129
-0.018   1.512
-0.027   0.448
0.013   -0.632
0.047   -1.121
-0.021   -1.314
-0.01   -0.989
-0.033   -1.505
-0.026   -0.437
0.008   0.058
0.041   -0.498
0.03   -0.925
-0.018   -0.397
-0.015   -0.827
0.007   -0.803
-0.051   0.055
0.03   -1.473
0.058   -1.946
-0.045   -1.368
-0.003   -1.562
-0.005   -1.115
0.025   -0.696
0.014   -0.806
0.031   1.008
-0.015   -0.735
-0.015   -2.688
-0.0   0.255
0.005   -1.115
0.016   0.239
-0.035   -0.77
0.017   -1.213
-0.027   2.461
0.024   -0.27
-0.027   0.096
-0.004   0.833
0.038   -0.629
0.065   -1.921
0.033   -1.143
-0.002   -0.689
0.019   -1.591
0.009   -1.514
0.025   -1.159
0.034   -0.02
0.025   -2.426
-0.028   -0.632
-0.009   -0.831
-0.024   -1.005
-0.004   -1.109
-0.028   -0.651
0.037   -1.815
-0.002   0.057
0.033   -0.104
0.014   -0.184
-0.025   -1.677
0.006   0.115
0.023   -1.004
-0.012   -0.475
0.045   -1.95
0.057   -0.95
0.03   -0.893
-0.002   -0.444
-0.01   -1.731
0.016   -0.475
-0.064   -0.315
0.009   -1.138
0.006   -0.863
0.044   -0.352
0.039   -0.957
0.004   -1.466
0.035   0.303
-0.03   -1.117
-0.026   0.386
-0.001   -0.946
0.01   -0.629
-0.005   -0.892
-0.046   -0.572
0.01   -0.427
0.0   -2.429
0.028   -1.935
-0.077   -0.615
-0.039   0.654
0.018   -1.113
-0.024   -0.191
0.054   -0.678
-0.025   2.341
-0.026   -1.749
0.063   0.165
-0.046   -0.623
-0.024   0.517
-0.062   -0.893
0.041   -0.746
0.016   0.885
-0.019   -1.229
-0.006   -0.725
0.027   -1.901
-0.07   -0.886
-0.014   -0.678
0.0   -1.143
-0.044   -1.614
0.02   0.174
-0.044   0.695
-0.042   -0.464
-0.012   -0.737
0.013   -0.981
0.062   -0.761
0.013   -0.982
-0.033   -1.296
0.067   -2.556
-0.019   -0.838
-0.045   0.718
0.016   -0.822
-0.015   -0.824
-0.032   -0.355
-0.009   -0.627
-0.027   -0.74
-0.015   -1.754
-0.024   2.419
-0.004   -1.444
0.063   0.261
0.009   -1.089
-0.052   -0.812
-0.043   -0.759
0.004   -0.896
-0.018   -2.695
-0.054   -0.931
0.053   -0.942
0.01   -0.626
-0.029   -1.748
0.019   -1.174
0.023   -0.857
-0.007   1.445
-0.002   2.163
-0.003   -0.948
0.028   -1.664
0.022   -0.991
-0.05   -2.194
0.007   -1.643
0.011   -1.153
0.016   0.938
0.043   0.122
-0.04   -1.663
-0.002   0.067
0.03   2.672
0.018   0.96
-0.047   0.109
0.034   -0.864
-0.018   -1.061
0.04   -0.564
0.003   -0.859
-0.029   -1.438
0.017   -1.447
-0.002   -2.206
-0.006   -2.437
0.014   -1.734
-0.032   -1.893
0.036   0.26
0.029   -1.622
-0.042   -0.796
-0.002   -1.219
0.069   1.104
-0.054   -0.66
-0.033   0.868
0.045   -2.089
0.0   -2.342
0.019   -0.015
0.006   -0.984
-0.041   0.418
-0.024   1.561
0.011   -0.718
0.011   -0.017
0.023   -0.32
0.067   -2.341
0.033   1.491
0.005   -0.702
0.024   -1.997
0.072   0.543
-0.015   -0.784
0.016   -0.661
-0.038   -0.437
0.045   -0.23
-0.021   0.609
0.025   -0.025
0.021   -0.025
0.028   -2.326
-0.07   1.228
-0.02   0.214
-0.003   1.861
0.044   -0.7
-0.017   -1.447
-0.003   -0.412
0.005   -1.839
0.061   -1.44
-0.031   -1.078
-0.016   -0.106
0.021   0.617
-0.004   0.438
-0.027   -0.865
-0.007   -0.983
-0.014   0.296
-0.015   -0.73
-0.019   0.259
0.024   1.739
-0.034   -1.347
-0.031   -0.086
0.032   -1.096
0.008   -0.798
-0.023   -1.015
-0.01   -1.519
-0.031   3.138
-0.042   -0.63
-0.002   -2.013
-0.053   -1.037
0.005   -0.948
-0.02   -0.357
0.02   -1.649
-0.046   -2.236
0.011   -0.483
0.004   -0.75
-0.09   -1.817
0.014   -0.128
-0.05   -0.667
0.034   -1.849
0.025   0.433
0.017   0.449
-0.038   -1.204
0.037   -1.925
-0.02   -1.325
-0.008   -1.101
-0.011   -0.527
0.021   -0.707
-0.02   0.139
-0.071   -0.675
0.031   -0.869
-0.044   -0.917
-0.013   -0.855
-0.025   -2.314
0.005   -1.423
-0.009   -0.674
-0.032   -0.674
0.006   -2.193
0.046   -0.481
0.011   -0.782
0.062   0.094
0.031   -1.469
0.022   -0.195
-0.002   -1.85
-0.005   -0.706
-0.053   -1.336
0.023   -1.724
0.042   -1.347
-0.059   -1.544
-0.01   -0.903
0.027   -1.49
0.005   3.288
0.042   -1.904
-0.017   -0.885
0.008   -0.906
-0.013   -0.153
0.006   -0.33
0.027   -0.69
0.046   -0.793
0.019   -0.717
0.007   -1.051
0.061   -0.947
0.008   -0.068
-0.015   1.167
-0.024   -1.191
0.04   -1.144
0.046   -0.164
-0.004   -1.677
0.009   -1.159
0.031   -0.672
-0.025   -0.749
-0.038   -0.192
0.008   -1.986
-0.003   0.271
-0.016   -1.5
0.038   1.4
-0.007   -0.83
-0.012   -0.179
-0.008   0.33
-0.028   0.771
0.045   -1.656
-0.055   0.044
0.019   -2.827
0.004   0.411
-0.029   -0.36
-0.019   -0.983
0.018   -0.957
0.042   -0.596
0.063   -0.178
-0.001   0.22
-0.045   1.675
0.028   -1.488
0.0   -1.45
0.018   -0.472
-0.012   -0.637
-0.025   -1.104
0.066   0.667
-0.021   1.466
-0.024   -0.629
-0.044   2.025
0.012   -1.358
-0.041   -0.998
0.02   0.912
0.004   1.096
0.024   -0.863
-0.059   -0.011
0.04   -0.558
-0.035   -1.364
0.029   -0.808
0.032   -0.883
-0.01   -0.267
0.04   -0.704
0.01   2.161
0.007   1.301
0.014   -0.095
-0.073   0.334
0.056   -0.697
-0.003   1.749
-0.052   -1.252
0.046   -2.114
-0.006   1.958
-0.035   -1.142
-0.062   -0.371
-0.039   -1.75
0.043   -0.933
-0.08   -0.471
0.041   0.799
-0.044   2.364
0.025   0.814
0.071   -0.735
0.014   -1.493
-0.06   -1.364
0.005   -1.15
0.003   -1.152
-0.033   -1.264
-0.013   -0.69
-0.019   -0.85
0.055   -1.606
0.005   -1.292
-0.029   0.079
-0.038   -0.992
0.006   -0.85
-0.028   -2.531
-0.009   -0.622
-0.014   -0.47
0.057   -1.971
0.021   -0.818
0.037   -1.681
0.089   -0.997
-0.015   -0.694
0.054   -1.068
-0.022   -1.577
0.076   -0.941
-0.058   -0.285
0.007   -2.595
-0.035   -1.458
0.022   -1.484
-0.021   1.28
-0.033   -0.07
0.003   0.029
0.024   -0.745
0.032   -0.59
0.08   -0.933
0.04   0.003
-0.017   -1.173
0.006   -0.29
-0.003   -0.764
-0.066   -0.556
0.059   0.989
-0.057   0.068
-0.036   0.138
0.045   -0.135
-0.036   -1.744
0.017   -1.606
-0.02   -1.264
0.041   -1.22
-0.05   -0.816
-0.016   1.973
0.054   -0.346
0.019   -2.242
-0.015   -0.178
-0.046   -1.049
0.019   2.767
-0.036   -0.645
-0.048   -0.762
0.007   -1.171
-0.007   -0.806
-0.005   -0.492
-0.001   -1.481
0.051   -0.904
0.014   -1.374
-0.032   -0.855
0.075   -1.083
-0.012   -0.123
0.011   0.762
0.038   -0.772
-0.008   -1.616
-0.034   -0.94
-0.055   0.682
0.05   -1.518
-0.011   -0.82
0.029   -0.509
0.019   3.219
0.003   -1.497
0.01   -1.15
-0.007   -0.722
-0.018   -0.878
0.049   -0.397
0.03   -0.708
0.052   -0.817
0.023   -1.546
0.03   -0.695
0.024   0.192
0.028   -0.794
-0.016   -1.722
-0.043   -1.248
0.05   -0.538
0.021   -1.343
0.018   -0.701
-0.021   -0.281
0.013   -0.907
-0.003   -0.898
-0.009   -0.854
0.029   -0.801
-0.042   -0.908
-0.014   -0.826
-0.02   -2.148
-0.012   -0.6
-0.026   -1.405
-0.008   -1.257
0.013   -1.045
0.018   -0.078
-0.007   -2.094
-0.015   0.524
0.064   -0.655
0.015   -0.771
-0.013   -1.067
0.03   -0.23
0.009   0.079
-0.046   -0.836
0.029   -0.279
0.013   -0.807
-0.028   -1.166
-0.055   0.338
0.03   2.374
0.026   -1.747
-0.011   -1.08
0.032   -1.145
-0.04   0.047
-0.01   -1.552
-0.021   1.968
0.03   -0.47
0.048   0.5
-0.025   0.039
0.027   -1.18
-0.021   1.622
-0.002   2.936
0.027   0.356
0.044   0.718
-0.018   -0.011
0.011   -2.047
-0.056   -0.968
-0.022   -1.951
-0.059   -0.609
0.009   0.126
0.004   -0.612
0.05   1.668
0.039   1.422
0.035   0.277
-0.011   -1.196
0.006   -0.073
0.001   -1.247
0.017   -1.367
0.006   0.579
0.012   -1.042
0.017   -1.118
-0.034   -2.088
-0.035   -1.644
0.027   -0.499
0.006   -0.643
0.065   -0.157
-0.032   -0.7
0.012   0.106
-0.057   -1.351
0.006   -0.721
0.017   -0.359
-0.007   -1.937
-0.029   0.952
-0.001   -2.289
0.047   0.944
-0.042   -0.621
-0.018   2.183
-0.034   -0.68
0.036   -1.136
-0.019   -0.435
0.021   -0.723
-0.003   -0.347
0.042   -1.84
-0.024   -1.144
0.012   -1.508
-0.004   -0.28
0.001   1.004
-0.025   -1.087
0.037   -1.132
-0.027   -0.229
0.031   -0.859
-0.0   -0.386
-0.0   0.762
0.046   -0.263
0.016   -0.651
-0.054   -0.689
-0.002   -0.243
-0.015   -0.668
0.037   0.131
0.009   -0.342
0.021   -1.351
-0.005   -2.034
-0.045   -0.946
0.018   -1.29
-0.056   -1.305
0.068   -2.558
-0.014   1.776
0.028   -0.78
-0.051   -1.919
0.009   -1.498
0.033   -1.442
-0.038   0.307
0.049   0.145
0.024   -0.739
0.007   2.788
-0.011   -0.733
0.049   -1.85
0.058   0.727
0.068   -0.453
0.015   -1.991
0.051   -1.01
0.02   -1.056
0.012   -2.146
-0.002   -1.217
-0.005   -0.694
-0.051   -1.148
-0.041   -1.398
-0.024   -1.102
-0.001   -2.454
0.008   -1.223
-0.002   -0.822
0.054   -0.647
-0.003   -1.569
0.025   -1.432
-0.028   2.696
-0.053   -1.832
-0.003   -0.885
0.022   -2.102
0.011   0.263
0.022   -1.505
0.063   -0.741
-0.006   -0.057
0.032   -0.958
0.032   -1.663
-0.023   -0.365
0.013   -2.094
-0.036   -1.985
0.064   -0.46
-0.016   -0.552
-0.017   -0.656
0.009   1.644
0.001   1.026
-0.024   -0.404
-0.03   -1.923
-0.058   -0.591
-0.002   -1.929
0.013   -0.054
-0.032   -0.421
0.02   -0.847
0.015   -0.673
-0.0   -0.437
0.029   0.164
0.005   2.484
0.003   -0.914
0.05   -1.19
0.003   -0.361
0.01   0.389
0.061   3.265
0.061   -1.056
0.065   0.1
-0.016   -0.757
0.059   0.784
-0.033   -0.64
-0.019   1.427
-0.013   0.178
0.034   -0.701
-0.064   -1.374
-0.028   -1.149
0.03   1.157
-0.02   -0.727
0.015   -2.036
0.03   1.312
0.019   -1.024
0.026   0.13
-0.027   -1.258
-0.033   0.798
-0.029   -0.689
-0.0   -1.197
-0.006   -1.643
-0.06   -0.856
-0.019   -1.412
0.025   0.744
0.035   -0.443
-0.023   -1.097
0.007   -0.679
-0.002   0.287
0.035   -0.887
0.012   -1.161
-0.031   0.35
-0.022   -1.365
0.058   -1.046
-0.021   -1.199
-0.065   -0.584
-0.018   -0.901
0.033   -1.896
0.012   -1.983
0.045   -0.663
0.007   -0.789
-0.013   -0.543
-0.023   -0.395
-0.018   0.827
-0.013   1.548
-0.017   -1.976
-0.013   1.663
-0.041   -1.192
-0.001   -2.743
0.025   -0.426
-0.062   -0.274
0.049   -0.765
-0.043   0.387
-0.05   -1.213
0.018   -0.845
0.064   0.13
0.052   -0.712
-0.002   0.115
0.037   -1.182
-0.022   -1.059
0.005   -2.423
-0.008   -0.782
-0.015   -0.937
0.003   -0.957
-0.07   -1.229
0.02   -1.318
0.009   -0.747
-0.032   0.046
0.027   -0.677
-0.034   -0.908
-0.039   0.141
0.051   -0.229
0.019   1.166
0.034   0.242
0.008   -1.146
-0.006   -0.733
0.031   -0.857
0.021   -1.826
-0.082   -1.674
0.02   -0.195
0.027   -0.432
-0.01   -1.665
-0.009   -1.644
-0.007   -1.506
-0.05   -0.785
-0.002   0.085
-0.027   1.772
0.051   -1.017
0.008   -1.159
0.022   0.038
0.041   -1.247
0.042   -0.723
0.034   -0.835
0.055   0.717
0.021   -0.807
-0.002   -1.414
0.015   -0.992
-0.002   2.258
-0.016   -1.379
-0.102   -0.841
0.038   -0.957
0.045   -0.771
0.052   -0.216
-0.03   1.6
-0.047   -0.914
0.015   -0.197
0.041   -1.249
-0.008   -1.387
0.026   -1.707
-0.025   -1.834
-0.063   -0.532
0.04   0.718
-0.013   1.107
0.02   -1.045
-0.027   -0.663
0.011   -0.759
0.074   -0.434
-0.012   -0.876
-0.022   -0.706
-0.066   -0.607
0.036   -1.771
0.001   -1.78
0.037   -0.044
-0.007   -1.389
0.055   -1.996
-0.03   -0.557
-0.056   -0.197
0.009   0.236
0.039   0.07
0.006   -0.966
-0.031   -0.48
0.011   -0.915
-0.026   -0.978
-0.004   -0.965
-0.024   -0.878
-0.053   -0.562
0.017   -1.098
-0.02   -0.077
0.034   -0.665
-0.035   -1.068
-0.062   -1.902
-0.061   -1.158
0.028   1.065
0.01   -0.844
0.009   -0.684
-0.027   -0.629
-0.014   -0.182
0.021   -1.161
0.003   -0.852
-0.013   -1.707
-0.04   -2.282
0.022   -1.036
0.006   -1.591
-0.047   -1.048
0.016   0.58
-0.014   -0.373
0.007   -1.653
0.002   -2.051
0.031   -1.633
-0.08   1.046
0.028   -0.01
0.014   -0.96
-0.03   -2.623
-0.045   -0.471
0.023   -0.673
0.067   -0.887
0.015   -1.076
-0.024   -1.308
-0.001   -0.668
-0.004   -1.13
-0.027   -0.498
0.009   -1.441
0.001   -0.648
-0.014   1.013
-0.003   -0.784
-0.004   -1.109
-0.018   -0.857
-0.013   -0.761
0.004   -1.318
-0.015   1.84
0.003   -1.737
0.001   -1.171
-0.026   -1.546
0.004   0.136
-0.033   -0.762
0.019   -0.317
-0.035   -0.933
0.009   0.496
-0.034   -0.196
-0.001   -1.686
0.062   -0.692
0.024   -0.964
0.004   0.682
-0.074   -0.003
0.039   -1.344
0.009   -0.522
0.033   -1.666
0.023   -0.989
-0.011   -0.868
0.002   -0.893
-0.023   -1.789
-0.025   -1.451
0.05   0.574
0.001   -0.193
0.007   -1.118
-0.04   -2.193
-0.024   -1.759
-0.014   -1.402
-0.005   -0.953
0.022   -2.541
-0.028   -1.386
0.049   -1.454
0.011   -0.251
0.03   -1.059
0.056   -1.432
0.051   -0.201
0.002   -1.596
-0.019   -0.396
-0.06   -1.524
-0.015   -1.311
0.012   -1.252
-0.019   -1.652
-0.038   -1.304
-0.018   -0.919
-0.012   -0.838
-0.056   -0.538
-0.009   -0.667
0.02   1.107
0.029   -0.359
0.024   -0.653
0.025   -0.603
-0.054   -0.743
0.071   -0.398
-0.006   -0.102
-0.015   -0.643
0.049   -1.151
-0.057   -0.888
0.045   -0.416
-0.038   -0.059
0.031   -0.427
0.007   -0.366
0.009   -1.855
-0.003   0.166
-0.028   -2.712
0.038   0.985
-0.003   -0.292
-0.018   -0.688
0.029   0.229
-0.01   -0.993
-0.005   -0.754
-0.008   1.949
0.011   -1.48
0.004   -0.465
0.001   -1.095
0.019   -2.7
0.002   -0.446
-0.027   -0.846
-0.023   0.057
-0.025   1.618
0.044   -0.234
-0.03   -0.434
-0.006   0.4
-0.032   -0.57
-0.001   -1.102
-0.037   -0.02
0.006   0.857
0.009   -1.041
-0.03   -0.613
0.003   -0.539
-0.021   -0.182
0.036   -0.918
-0.01   -0.58
0.038   -0.778
0.032   -0.877
0.043   -1.041
0.012   -2.673
-0.006   -1.345
-0.057   0.515
0.057   -0.948
0.001   -2.056
0.066   -1.804
0.01   -0.8
-0.072   -0.704
-0.021   -0.815
0.034   -0.828
-0.041   -1.148
0.027   -0.882
0.005   -1.52
-0.069   -1.173
-0.018   -1.572
-0.052   0.834
0.053   -1.171
0.011   -0.816
0.023   -1.087
-0.031   0.016
-0.081   -1.736
0.016   -0.704
-0.018   -0.701
-0.021   -0.645
-0.013   -1.214
-0.05   0.685
-0.038   -0.698
0.034   -0.638
0.044   -0.857
0.03   -1.715
-0.018   -1.288
0.011   -0.779
0.033   -1.785
0.003   -0.805
-0.044   -0.092
0.023   -0.562
0.016   -0.659
-0.034   -0.844
0.005   0.018
-0.009   -2.179
-0.012   -1.23
0.006   -1.464
-0.037   -0.893
0.026   -0.594
-0.038   -2.436
0.051   -0.532
0.009   -0.066
-0.028   -0.62
0.026   -0.896
0.003   -1.176
-0.019   -1.015
-0.016   -1.003
0.022   -0.171
0.016   -0.668
-0.073   -0.306
0.033   -0.151
-0.039   -1.091
0.001   -1.421
-0.04   -0.598
0.016   -2.269
-0.046   -1.103
-0.049   -1.773
0.005   -1.583
0.013   -2.022
0.009   -0.677
0.025   -1.086
-0.028   -1.197
-0.035   -1.266
0.029   -1.029
-0.006   2.057
-0.038   -0.665
-0.017   0.092
-0.023   -1.311
-0.025   -0.66
-0.04   -0.963
0.037   -1.054
0.059   -1.212
0.037   0.53
-0.007   0.382
0.03   -0.306
0.024   -0.791
-0.032   -0.98
0.025   -1.14
-0.033   2.219
-0.04   -2.805
0.008   -1.19
-0.035   -0.145
-0.027   -0.056
0.043   -1.393
-0.025   -0.356
0.001   -0.065
0.007   -0.264
0.003   1.72
0.008   -1.141
0.039   -2.626
0.051   2.734
-0.038   -1.163
-0.015   -2.702
-0.021   -1.066
0.012   -1.165
-0.007   -0.728
0.018   -0.199
0.009   1.55
0.038   -0.826
0.017   -0.93
0.029   0.033
0.027   0.393
-0.028   -2.07
0.032   -0.271
0.006   -0.838
-0.024   -0.49
-0.037   0.818
-0.026   0.822
0.009   -0.822
0.003   -0.121
-0.005   -1.045
-0.01   0.452
-0.041   -0.704
-0.031   -2.448
0.017   -0.724
-0.035   -1.635
-0.012   -1.919
-0.025   -0.619
-0.022   -2.363
0.02   -0.405
-0.039   -1.653
0.023   0.106
-0.015   -0.967
-0.074   -0.724
-0.05   -0.055
0.009   -0.059
-0.037   -0.698
-0.019   0.139
0.037   -1.181
-0.035   -1.565
-0.011   -0.666
0.035   -0.929
0.024   0.644
-0.003   -0.818
-0.051   -0.286
-0.042   -0.743
-0.054   2.056
-0.002   -2.091
-0.005   1.451
0.035   1.247
0.009   -0.804
-0.009   -1.372
0.015   -1.942
-0.04   -0.675
0.004   0.139
-0.05   -0.626
0.049   0.861
-0.02   0.345
-0.007   0.061
0.024   2.463
-0.004   -1.111
-0.036   -0.794
-0.0   -0.81
0.018   2.005
0.0   -0.815
-0.018   1.314
-0.039   0.247
0.017   -0.689
-0.018   -1.033
0.052   -0.939
-0.015   -1.169
0.018   -1.464
-0.039   -1.406
0.02   -0.384
-0.014   -1.003
0.016   -0.752
0.0   -0.702
0.008   -1.108
0.027   -0.496
-0.001   -0.708
0.004   -0.605
-0.016   -0.988
0.005   -0.858
-0.005   -1.439
0.016   -1.786
0.005   -0.318
0.011   -1.502
-0.041   -2.508
0.022   -1.049
0.045   -0.14
0.015   -2.09
0.034   1.56
-0.039   -0.734
-0.033   -0.645
0.023   -1.015
-0.046   0.323
0.016   -0.788
-0.017   -0.599
-0.018   -1.826
-0.038   -1.65
0.027   0.617
0.017   0.066
-0.031   -2.026
-0.0   -1.806
-0.052   1.063
-0.034   -0.645
-0.007   -1.287
0.068   -0.387
0.037   -0.744
0.079   -0.722
-0.005   0.116
0.02   -0.926
-0.006   -0.308
0.037   -1.044
0.071   -1.246
-0.025   -1.869
-0.053   -0.512
-0.045   -1.851
-0.045   0.317
0.068   -0.705
0.044   -0.954
-0.049   -0.552
0.029   -0.566
-0.019   -1.852
0.043   -1.891
-0.018   0.322
0.082   -0.967
-0.008   -0.634
-0.019   -0.763
-0.033   -1.361
0.043   -0.735
0.015   -1.539
-0.031   -2.483
-0.003   0.688
0.011   -1.565
-0.006   -1.131
-0.03   -0.651
0.053   -0.278
0.004   -0.724
-0.017   0.977
0.046   -1.555
-0.048   1.365
0.034   -0.383
-0.002   -1.157
-0.014   -0.645
-0.022   -0.814
0.005   -1.009
-0.073   0.47
-0.015   -2.038
0.003   -0.919
0.032   -0.447
-0.013   -0.655
-0.001   -0.819
-0.044   1.104
0.007   -0.884
0.047   -1.148
0.069   -1.522
-0.056   -0.034
0.045   -0.953
-0.011   -0.663
-0.08   1.721
0.024   -0.569
-0.01   -0.449
0.043   -0.53
-0.048   -0.629
-0.054   -0.079
0.025   -1.104
-0.032   -0.467
-0.025   -0.75
-0.036   -0.549
-0.026   -0.713
0.047   -2.187
0.014   -0.837
-0.018   -1.169
0.007   -0.359
-0.005   -0.408
0.017   -1.247
0.039   -1.06
0.019   -1.187
0.028   -0.871
0.024   -0.87
0.033   0.621
-0.019   -0.579
0.052   -0.518
0.002   -0.674
0.058   -0.358
-0.006   0.129
0.022   1.542
-0.017   -0.096
-0.01   -1.956
-0.022   -0.744
0.056   -0.347
-0.044   -1.114
-0.048   0.772
-0.008   0.142
0.015   1.697
-0.014   -1.341
-0.067   -0.625
0.023   0.038
-0.011   1.714
-0.027   -1.478
0.028   1.327
-0.002   0.302
-0.034   -2.018
0.01   0.439
0.034   -1.028
-0.048   -1.365
-0.023   -0.733
0.05   -1.167
-0.018   -0.05
0.037   -0.62
0.012   1.197
-0.005   -0.62
-0.011   -1.031
0.047   -2.286
-0.023   -0.726
-0.02   2.245
-0.044   1.155
0.037   -0.104
0.034   -0.748
0.043   -0.936
-0.033   -0.855
0.019   0.362
-0.008   1.293
0.001   -0.362
-0.044   -0.875
-0.034   -1.051
0.011   -0.715
0.066   -0.852
0.024   -2.277
-0.02   -0.993
0.024   -0.082
0.053   0.212
-0.019   -0.775
0.019   -2.119
-0.024   0.11
0.015   -1.377
-0.025   -0.581
0.03   -0.614
-0.03   -1.69
-0.022   0.346
0.03   0.322
0.014   0.924
0.029   -0.598
-0.022   -0.168
-0.059   -3.047
-0.062   -1.361
-0.022   -0.7
0.025   0.834
-0.027   -0.682
0.051   -1.353
-0.044   -0.031
-0.036   0.63
-0.027   -1.78
0.06   -1.777
0.053   -1.852
0.092   -1.115
0.019   -1.321
0.023   -0.198
0.016   1.099
-0.021   -0.315
0.025   0.058
0.017   -0.935
0.048   -1.489
0.018   -1.131
-0.013   -1.924
-0.004   -0.021
0.031   -1.142
-0.025   -1.589
0.008   0.789
-0.008   -0.768
-0.002   -0.611
0.022   0.004
0.026   -1.486
-0.032   -1.081
0.061   -2.831
-0.002   -0.602
-0.02   -0.128
0.066   -1.454
0.003   -1.256
-0.027   -0.826
0.004   3.019
-0.03   -0.688
0.028   -2.302
0.003   -0.091
0.017   0.481
-0.033   -1.953
-0.07   -1.36
0.007   -0.619
-0.009   -0.798
-0.001   -0.319
0.041   -1.688
0.018   -1.107
0.016   -2.511
0.017   -2.953
-0.025   0.753
-0.005   -1.759
0.02   -1.438
-0.061   -0.698
-0.027   -0.358
-0.008   -0.806
-0.012   -0.347
0.006   1.396
-0.016   -1.429
0.002   -0.755
0.066   -0.942
-0.024   -2.541
-0.026   -1.376
-0.033   -0.395
0.024   -1.818
-0.046   -0.642
0.038   -0.799
0.064   -0.814
0.001   -1.162
0.072   -1.255
0.055   -0.605
-0.024   -0.879
0.064   -2.351
0.037   -1.469
0.013   -1.374
-0.005   -1.283
0.041   -0.901
0.019   -0.482
-0.014   -0.777
0.005   -1.839
-0.022   -1.797
0.025   -1.012
-0.001   -2.526
0.013   0.623
-0.046   -1.241
0.02   -0.794
-0.012   -0.622
-0.032   -1.966
0.0   -1.721
0.019   0.415
-0.025   -0.759
0.049   1.203
-0.013   -0.591
0.028   -0.562
0.048   -0.918
0.027   -1.929
-0.04   -0.658
-0.04   -0.601
0.063   -1.096
-0.035   -0.006
-0.039   0.409
-0.018   0.052
-0.017   -0.851
0.033   -1.187
-0.032   1.341
-0.014   -0.865
0.012   -1.341
0.005   -1.224
0.024   -0.772
-0.023   -1.358
0.027   0.066
0.015   -0.863
-0.046   -1.175
0.029   -1.047
0.023   -0.564
0.067   -1.054
-0.051   -2.742
0.017   -0.974
0.084   -1.732
-0.031   -0.849
0.005   0.679
-0.004   -0.712
0.057   -1.097
-0.001   -0.194
0.041   -1.0
0.01   -2.38
-0.008   -0.731
0.005   1.881
-0.025   -1.717
0.005   -0.925
-0.051   -1.434
-0.054   -0.996
-0.04   -0.491
0.011   1.024
-0.014   -1.6
-0.007   -1.647
-0.015   -0.329
-0.02   -0.876
-0.002   1.933
0.024   -0.892
-0.011   -1.702
0.002   -0.519
0.066   -0.742
0.034   -0.998
-0.011   -1.64
-0.004   0.96
0.027   -0.788
-0.004   0.323
0.035   -1.199
-0.01   -2.124
-0.012   -1.063
0.046   -0.858
0.006   -1.453
0.069   -0.748
-0.058   -0.876
-0.024   0.153
0.057   0.945
-0.027   -0.984
-0.005   -0.915
0.02   -0.069
-0.02   -1.264
-0.05   -0.97
0.015   -2.402
0.035   -0.748
0.007   -1.891
-0.005   0.703
0.043   -0.985
0.013   -3.762
0.048   0.054
-0.043   0.171
-0.001   -0.195
-0.017   -1.653
0.009   -0.607
0.024   -1.231
-0.078   -1.319
0.037   -1.856
-0.002   -0.746
0.033   -2.783
0.04   -1.73
0.08   -0.353
0.04   -1.016
0.019   0.349
-0.032   -2.203
-0.031   -1.35
0.005   -1.493
-0.018   0.595
0.022   -1.37
-0.062   -1.017
-0.058   2.224
0.013   1.599
-0.037   -0.209
-0.033   -1.2
-0.011   -1.986
0.042   -0.428
-0.05   -0.147
-0.041   -1.523
-0.015   -0.941
-0.033   -0.474
-0.004   -1.037
0.01   -1.26
0.01   -1.663
-0.021   -1.242
0.032   0.232
0.032   0.156
0.001   0.623
0.007   -1.619
-0.043   -0.417
0.01   -0.68
-0.006   -0.687
-0.021   -1.483
-0.001   1.178
0.01   1.318
0.037   0.158
0.008   -0.317
0.027   -0.784
-0.033   -0.759
-0.044   -1.47
0.056   -0.201
-0.038   0.338
0.006   -0.685
0.048   -1.103
-0.022   -0.75
-0.024   2.666
-0.038   -0.686
0.035   -0.644
0.043   -0.62
-0.0   -1.34
-0.038   -1.793
0.057   -1.413
0.022   -1.826
-0.014   -1.921
0.047   -1.105
0.028   -0.226
-0.038   -0.766
0.002   -0.434
-0.001   -1.693
0.059   -0.104
-0.047   2.914
0.007   -1.372
0.007   0.711
-0.032   -1.237
0.006   -0.716
-0.033   -1.019
0.0   -0.974
0.008   -0.788
0.027   2.39
-0.005   -0.241
0.057   -1.528
0.073   -0.64
0.055   -0.73
0.047   -0.946
-0.03   -0.584
0.019   -1.564
-0.016   -1.683
0.005   -0.971
0.003   -0.787
0.021   -0.485
-0.025   -1.115
-0.061   3.159
0.082   -0.799
-0.005   -1.057
-0.01   -1.607
0.004   -0.615
-0.049   -0.894
-0.014   2.051
0.036   -1.134
-0.031   -0.711
-0.006   1.932
0.006   -0.871
0.039   1.487
-0.01   -0.85
-0.055   -0.723
-0.005   -1.616
0.073   -1.775
-0.044   0.298
0.084   1.2
-0.005   -0.654
0.044   -0.669
0.023   -0.917
0.005   -1.333
-0.015   -0.923
0.002   -1.194
0.036   -1.257
-0.026   -1.122
-0.044   -2.278
-0.005   0.213
-0.023   -1.269
-0.037   0.06
-0.043   -1.081
0.037   -1.578
-0.02   -1.383
-0.012   -0.741
0.023   -0.982
0.089   -1.528
-0.02   -1.97
-0.001   0.569
0.023   -0.69
0.026   -1.722
-0.084   -0.009
-0.017   -0.875
0.05   -0.902
-0.018   -0.675
0.027   -1.011
0.032   0.415
-0.0   0.299
-0.038   -2.791
0.015   -0.687
0.024   -1.344
0.012   -0.632
0.011   0.928
-0.036   -1.092
0.038   -1.427
-0.011   -1.917
0.006   -0.743
0.004   -1.26
0.004   0.174
-0.022   -2.028
-0.032   -0.801
-0.026   -1.716
0.034   -1.785
-0.024   -0.537
-0.032   -0.025
-0.017   1.525
-0.005   -1.081
0.01   -1.469
0.015   -1.713
-0.015   0.188
-0.007   -1.234
0.048   -1.109
-0.034   -1.235
0.057   0.342
-0.01   -0.945
-0.014   -0.336
-0.038   -0.453
-0.054   -1.319
0.042   2.031
-0.019   -0.616
0.011   0.55
-0.015   -1.442
0.039   -1.161
0.027   -1.292
0.035   -1.163
-0.009   -0.865
-0.004   -1.028
0.032   -0.697
0.032   -0.265
-0.04   -2.502
0.013   -1.103
-0.038   -0.464
0.009   -0.571
0.043   -0.69
0.003   -0.812
0.013   -1.568
0.049   -1.449
-0.05   -0.528
0.028   -1.679
0.028   -0.87
-0.061   -1.296
-0.023   -0.435
-0.013   -0.968
-0.016   -0.826
0.014   -0.049
-0.047   -2.84
-0.011   1.255
0.027   -0.634
0.021   -1.435
0.011   -0.827
0.01   -0.873
0.027   -0.929
-0.019   0.165
0.048   -0.487
-0.004   -1.606
0.027   -0.645
0.015   -0.655
-0.032   -0.591
-0.022   -1.293
0.031   0.524
0.003   -1.143
0.026   0.799
0.026   -0.639
0.011   -0.764
-0.043   -1.324
-0.026   -0.756
0.02   0.362
0.035   -0.746
-0.007   -1.267
-0.045   0.155
0.03   -2.609
-0.045   -0.422
-0.059   -1.586
0.013   -0.797
-0.01   -0.69
0.03   -1.486
-0.045   0.276
0.015   1.653
0.017   -1.491
0.037   -1.363
-0.01   -1.483
-0.085   -2.687
0.012   -0.7
-0.003   2.307
-0.01   -0.3
-0.036   -1.67
-0.018   -0.596
0.044   0.682
0.033   -0.674
-0.022   -0.746
-0.053   -0.172
-0.026   0.344
0.025   -1.579
-0.045   -1.001
0.002   -0.814
-0.0   -1.23
-0.053   -0.865
0.008   -0.305
-0.041   -1.02
0.053   -1.216
-0.013   -0.629
-0.058   0.007
-0.017   -1.183
-0.019   -0.761
0.055   0.363
0.008   1.138
-0.03   -0.075
-0.01   -1.228
0.036   2.367
0.003   -0.899
-0.016   -1.434
-0.039   0.355
0.023   -0.182
-0.005   -1.067
-0.027   -1.282
0.002   -0.677
0.038   -0.019
0.061   -0.043
0.007   -0.087
0.05   0.667
0.021   -0.636
0.03   -1.351
0.013   -0.979
0.046   -1.735
-0.018   -0.994
0.048   0.018
0.017   -0.87
-0.005   -1.397
0.016   -0.921
-0.037   -0.355
-0.053   -0.712
0.017   -0.679
0.002   0.294
0.043   -1.666
0.021   -1.18
0.021   -1.235
0.02   1.508
0.042   -0.649
-0.01   -0.054
0.092   -0.751
-0.024   -0.72
-0.036   -1.995
0.018   -1.619
-0.007   -0.988
-0.01   -0.905
0.021   -0.196
0.025   -0.388
-0.047   -1.605
0.039   1.459
0.008   0.716
-0.0   -1.142
0.014   -0.169
-0.011   -0.792
0.006   0.486
-0.073   1.426
-0.004   -0.861
0.034   0.595
-0.042   -0.639
0.021   -0.55
-0.019   -0.842
-0.028   2.726
0.028   -0.992
0.017   -2.218
0.024   -1.79
0.013   1.112
-0.004   0.004
-0.026   -1.357
-0.058   -0.13
0.002   0.653
0.005   1.396
0.043   0.825
0.0   -1.135
0.006   -1.115
-0.041   1.169
-0.012   -0.437
-0.061   0.119
-0.04   -1.481
-0.004   -0.719
-0.018   0.544
0.034   -1.374
-0.006   0.535
0.0   -0.354
0.036   -0.748
0.047   -0.78
0.002   -1.789
0.017   -0.799
-0.026   0.287
0.005   -1.325
0.007   -0.964
0.001   -0.463
0.015   3.296
0.07   1.229
0.019   1.289
-0.007   -1.822
-0.018   -0.922
-0.03   -1.381
-0.012   -1.559
-0.011   0.815
0.063   -0.605
-0.023   0.735
0.024   2.064
-0.037   0.807
-0.032   -2.3
0.066   -2.397
0.045   -2.339
0.018   -0.15
0.018   -1.164
-0.017   -0.696
-0.008   -0.72
-0.009   -2.199
-0.035   -2.008
-0.01   0.079
-0.01   3.057
0.006   1.13
-0.001   0.389
0.003   -1.058
-0.004   0.499
-0.009   -0.696
0.086   1.659
-0.003   0.35
0.009   -1.324
0.018   -0.415
0.014   -0.277
0.055   -0.847
-0.007   -1.244
-0.014   -1.571
0.063   -0.155
0.073   -0.664
-0.041   0.545
0.037   -0.864
-0.007   -0.797
-0.014   -1.183
0.012   0.666
-0.034   -0.799
-0.012   -2.14
-0.005   -0.227
0.002   -2.318
-0.003   -1.099
0.016   -1.174
0.024   -0.962
-0.007   -2.028
0.053   -0.641
-0.002   -1.426
-0.028   -0.809
0.026   -1.461
0.016   2.228
-0.011   -1.828
-0.038   -0.822
0.006   -1.663
-0.035   -0.772
-0.009   -0.798
0.016   -1.079
0.001   -1.275
0.021   0.42
-0.063   0.615
0.049   -0.934
0.045   -1.235
0.034   1.541
-0.016   -1.263
0.042   -0.31
0.017   0.752
0.015   -0.862
0.022   0.939
0.016   -0.804
-0.066   -0.321
0.021   -0.795
-0.016   -0.801
0.023   1.63
-0.007   -1.192
-0.032   -1.126
0.058   -0.713
-0.008   -0.724
-0.063   -0.871
0.011   -0.986
-0.006   -1.04
-0.055   0.073
-0.018   -1.167
0.027   -1.704
0.03   -1.111
0.054   -0.642
0.04   -0.473
-0.028   -1.46
-0.045   -0.854
0.006   -1.444
0.007   -1.7
0.017   0.838
-0.061   -0.844
-0.059   -0.269
-0.034   -1.369
0.03   0.428
-0.002   -1.766
-0.047   -1.463
-0.024   -0.829
-0.004   -1.604
0.036   -1.281
-0.036   -1.06
-0.042   -0.625
-0.016   -2.059
0.02   -0.582
0.006   -1.822
-0.03   0.798
-0.056   -0.422
0.019   0.032
0.052   -0.764
0.008   -0.071
0.015   -1.105
0.0   0.861
0.031   -0.801
0.042   -1.001
-0.019   -1.0
-0.013   0.306
-0.017   -0.784
0.019   -1.202
0.034   -1.152
-0.06   -0.624
0.013   0.658
-0.031   -1.035
0.004   -0.639
-0.025   1.533
0.016   -0.782
-0.079   -0.445
-0.041   0.116
-0.016   0.235
0.027   -1.237
0.05   -0.946
-0.053   -1.699
0.014   -0.861
-0.04   -0.896
0.033   2.172
-0.02   -0.626
0.051   -1.267
-0.063   -1.403
0.078   0.143
-0.027   -1.185
0.045   -0.914
-0.025   -1.31
0.001   2.384
-0.031   -0.838
-0.081   -0.725
0.054   -0.629
0.004   -0.828
-0.019   0.016
0.017   -0.426
-0.073   -0.891
0.028   -3.042
0.024   -0.961
0.004   1.316
0.011   -2.06
0.056   -1.881
0.032   -0.106
-0.033   -0.077
0.038   -1.109
0.052   -0.689
0.008   0.221
-0.008   0.317
-0.012   -1.092
-0.031   -0.397
0.03   -0.603
0.057   -1.355
-0.03   -0.957
0.016   -0.655
-0.01   -0.845
-0.052   -0.955
0.034   -2.049
0.026   -0.778
0.003   0.129
-0.003   -0.205
-0.035   -1.296
-0.003   2.323
0.04   -0.771
0.021   -0.897
0.015   0.639
0.008   -1.331
-0.055   0.085
0.041   -0.459
-0.047   -1.138
-0.032   0.54
0.007   -2.41
-0.06   -1.238
0.001   -1.452
-0.011   -1.683
0.028   1.167
-0.036   2.449
0.01   -1.136
-0.015   -0.766
-0.027   -0.949
-0.02   -1.316
-0.002   -1.801
-0.009   -1.559
-0.052   -0.901
-0.014   -1.161
-0.05   -1.289
0.038   0.142
-0.029   -0.402
-0.022   -0.477
0.048   -0.042
0.043   1.119
-0.035   -1.586
-0.043   -1.898
0.029   -0.405
0.022   -0.787
0.009   -1.776
-0.021   0.187
0.037   -1.041
0.028   -0.753
-0.049   -0.72
0.007   0.845
0.011   -0.671
-0.03   -0.754
0.034   0.89
0.0   -0.187
-0.016   -1.16
0.022   2.048
0.025   -0.628
-0.012   -2.401
0.012   -1.018
0.034   -0.602
-0.043   -1.595
-0.047   -2.139
-0.01   -2.016
0.007   1.636
0.003   -0.088
0.046   -0.185
-0.018   -0.365
-0.0   -1.162
0.051   -1.051
-0.003   1.406
-0.008   -0.677
0.028   -1.151
-0.014   0.325
0.028   -0.814
0.039   -1.134
-0.017   -0.997
-0.06   -0.253
0.012   -0.906
-0.025   -0.092
-0.086   1.062
-0.034   -0.664
-0.016   -1.134
-0.052   -1.041
-0.018   -0.521
-0.004   -0.664
-0.017   -0.608
-0.026   0.11
0.018   -1.67
0.051   -1.739
0.009   -1.752
-0.033   -1.821
-0.008   -2.63
-0.004   -0.351
-0.032   -2.234
0.043   -1.135
-0.04   0.111
-0.031   -0.645
-0.059   -0.669
-0.048   -0.651
-0.015   -1.777
-0.024   -0.826
0.035   -2.658
-0.073   -0.374
-0.057   -0.47
0.003   1.861
-0.005   -0.385
-0.056   -0.722
-0.031   -0.739
-0.03   -0.859
0.046   0.374
-0.054   -0.757
0.041   -0.783
-0.028   0.856
-0.058   -0.765
0.071   -1.307
-0.02   0.644
0.017   -1.445
0.051   -0.638
-0.056   -0.737
0.009   -0.457
0.008   -0.853
-0.003   -0.783
0.064   -0.067
-0.01   -0.106
0.055   -0.28
-0.023   1.193
0.04   -0.168
-0.024   -1.121
-0.004   -0.558
0.07   -0.996
0.006   0.908
0.029   0.089
-0.02   0.449
-0.011   -3.03
0.035   -1.001
-0.01   -1.696
-0.019   -1.21
-0.08   -2.861
-0.0   -0.683
0.023   -0.777
0.001   -1.381
0.007   -1.274
-0.011   2.657
0.026   -1.315
0.059   -2.073
0.023   2.068
0.022   -0.536
-0.006   -0.353
-0.053   -0.673
0.002   -1.784
0.014   -1.051
-0.031   1.701
0.024   -1.01
-0.003   -3.355
0.029   -1.366
0.036   -1.16
-0.005   1.646
-0.012   -0.429
-0.001   -0.444
-0.021   -0.7
-0.026   -1.718
0.002   -1.488
0.031   -2.351
0.029   -1.002
0.041   -0.545
-0.031   -1.99
-0.029   -1.618
-0.017   -0.942
-0.022   0.036
-0.007   -0.793
-0.008   -0.059
-0.095   -0.676
0.048   2.269
-0.013   -1.795
0.002   -0.979
0.082   -0.398
0.031   -0.097
-0.02   -0.404
-0.011   -2.832
-0.013   -1.039
-0.014   -0.824
0.02   -1.881
-0.057   1.427
-0.002   0.098
0.042   -1.216
-0.01   -1.782
-0.022   -1.141
-0.039   -0.77
-0.021   -0.703
-0.022   -1.08
-0.025   -0.444
-0.019   -1.122
0.038   -1.143
0.017   0.044
0.002   -0.476
-0.036   -1.481
0.011   -1.013
-0.039   -1.625
-0.033   -0.858
0.026   -0.769
-0.042   -1.615
0.006   1.669
-0.008   -0.626
-0.037   -1.333
-0.004   1.623
0.028   -0.357
-0.028   -0.856
0.033   -0.635
0.014   -0.717
-0.01   -0.848
-0.041   -0.029
-0.022   -0.698
-0.037   -0.332
0.016   -0.521
-0.021   0.066
0.022   1.891
0.047   -0.813
-0.041   0.727
-0.016   -0.748
-0.02   0.071
0.007   -0.389
0.013   2.383
-0.008   -0.609
0.02   -0.766
-0.017   -1.202
-0.024   -3.393
-0.025   -1.661
-0.071   1.161
-0.025   -0.868
0.069   -0.209
0.044   -0.635
-0.042   -1.328
-0.028   0.498
0.047   -0.249
-0.001   -1.137
-0.008   -1.809
0.022   1.082
0.007   -1.466
-0.02   -0.663
0.006   1.468
0.027   -0.912
0.022   -1.288
-0.06   -0.074
0.022   1.293
0.014   -0.475
0.013   -0.605
-0.071   -1.818
-0.022   -0.806
-0.004   -0.815
0.034   -2.017
-0.026   0.373
-0.007   1.984
0.057   0.573
0.015   -1.686
-0.042   -0.592
-0.009   -0.716
0.01   -0.043
-0.021   -0.732
0.036   -2.513
-0.051   -1.122
-0.042   0.905
-0.002   1.752
0.012   -0.416
-0.02   -0.091
-0.037   -3.208
0.027   -1.819
-0.056   1.828
-0.066   -0.857
-0.014   -0.756
0.029   -0.779
-0.015   -0.894
0.008   -0.697
0.005   0.555
-0.062   -0.78
-0.036   -1.103
0.062   -0.636
-0.046   -2.11
-0.021   -0.61
0.026   -1.281
-0.048   1.544
-0.041   -0.348
-0.006   -0.885
0.028   0.443
0.015   -0.452
0.018   0.327
0.026   -0.668
0.057   -0.676
-0.032   0.739
-0.004   -0.26
-0.016   -0.678
0.012   0.936
0.02   0.134
0.016   -0.675
-0.035   2.019
-0.022   -1.115
0.049   0.961
0.003   -0.727
0.039   0.606
0.015   0.587
-0.004   -1.014
0.013   2.048
-0.033   0.859
-0.028   1.58
0.063   -1.004
0.009   -0.803
-0.023   0.459
0.018   -0.554
0.049   -1.534
-0.015   -1.458
-0.01   -0.03
-0.016   0.579
0.01   -1.48
0.044   1.004
0.033   -1.11
-0.027   -1.167
-0.008   -2.114
-0.006   0.868
0.05   -1.031
0.009   2.494
-0.026   1.841
-0.023   -1.137
-0.034   -1.078
-0.013   -1.787
0.019   0.09
-0.012   -0.96
0.022   -1.368
-0.007   -0.877
-0.01   -0.187
0.009   -0.714
-0.018   -0.871
0.02   2.209
0.053   -0.162
0.003   1.514
0.033   1.979
0.072   0.519
0.017   0.482
-0.021   0.377
-0.003   0.7
0.044   -0.418
0.026   -3.303
-0.075   0.093
0.022   -0.786
0.024   -1.56
-0.035   3.394
-0.004   -1.215
0.011   0.519
0.015   -2.094
-0.009   1.456
-0.022   0.138
0.028   -0.426
0.007   -2.545
-0.043   -0.422
0.036   -1.013
-0.01   -1.023
0.007   2.245
0.009   0.3
-0.041   -0.313
0.009   -0.356
-0.052   -0.788
0.013   -0.2
-0.008   -0.774
0.003   -0.497
-0.003   0.73
-0.018   2.282
-0.028   -0.019
-0.014   0.721
-0.001   -1.207
-0.012   2.545
-0.045   0.09
-0.052   -1.009
-0.015   -0.043
-0.028   -0.866
-0.074   -0.677
0.025   -0.465
0.004   1.307
0.02   0.887
-0.009   -1.117
-0.056   -0.696
-0.057   -0.477
-0.054   0.372
-0.038   -0.124
0.044   -0.832
0.017   -0.509
-0.023   -0.844
0.005   -1.067
-0.02   -0.339
-0.032   -2.883
-0.045   0.986
-0.021   0.076
-0.027   0.389
-0.038   0.402
0.01   2.092
-0.065   -1.319
0.068   2.063
0.035   0.573
0.036   -1.666
0.028   -0.973
0.016   -0.689
0.012   -1.011
-0.004   -0.316
-0.055   -1.04
0.017   -1.275
0.043   2.759
-0.049   -0.963
-0.051   -0.804
0.013   -0.857
-0.025   -0.821
0.003   -0.752
-0.024   0.548
-0.008   -0.751
-0.045   -2.103
-0.039   -0.749
-0.023   -0.295
0.051   -1.75
-0.01   1.837
-0.021   -1.88
0.011   -1.167
-0.022   -0.808
0.031   1.657
0.033   -1.244
0.022   -0.876
0.039   -0.597
-0.03   -0.545
-0.034   -1.325
-0.009   -0.777
-0.005   -0.682
0.002   -0.534
0.007   -0.985
-0.011   1.123
0.028   -0.132
-0.012   1.429
-0.054   0.253
0.004   0.99
0.045   -1.944
0.04   -1.104
-0.013   -0.762
0.012   0.885
0.004   -0.703
-0.043   0.258
0.056   -0.816
0.033   -0.207
0.04   -1.661
0.032   -1.138
0.027   -0.816
-0.013   -1.002
-0.04   -0.115
0.04   -0.222
0.002   -0.038
0.011   1.494
-0.043   -0.871
0.018   -0.774
0.04   -1.712
-0.003   -1.403
-0.006   0.744
-0.015   -0.485
-0.035   -1.322
0.036   -0.91
0.011   -0.772
0.016   -1.526
-0.071   -0.964
-0.027   1.855
0.071   -1.436
-0.003   -0.696
0.009   -0.537
-0.031   0.946
0.027   -0.894
0.026   -1.491
-0.001   -0.9
-0.023   0.266
-0.016   -0.04
0.011   0.501
-0.035   0.451
0.001   -0.765
0.049   -0.643
-0.041   -2.237
0.028   -1.784
0.002   -0.443
-0.032   -0.54
0.029   0.846
0.033   0.457
0.007   -0.659
-0.044   -0.776
0.015   -0.22
-0.008   1.631
0.037   -0.883
0.005   -0.863
-0.043   0.435
0.023   -0.663
-0.013   -1.174
0.022   -0.648
0.001   -1.017
-0.048   0.161
0.005   -1.53
-0.003   1.617
0.037   -0.5
-0.024   0.044
-0.008   1.002
-0.002   -0.728
0.025   -0.659
-0.003   -0.667
0.038   -0.621
-0.023   -2.76
0.055   -0.715
0.037   -0.598
0.008   -0.849
0.002   -2.313
0.008   -0.643
0.002   1.505
-0.027   -0.243
-0.025   -0.303
-0.039   0.122
-0.047   -0.669
0.024   -1.489
0.015   -0.799
0.003   -0.266
0.001   -0.538
-0.046   -0.738
-0.025   0.451
0.032   0.224
0.001   0.678
-0.058   -0.743
-0.031   -1.533
-0.042   -0.828
0.002   -0.557
0.052   1.76
0.044   -0.291
-0.024   -0.595
0.021   -1.023
0.023   1.024
-0.032   -0.667
0.018   -1.624
0.001   -0.684
-0.027   -0.792
-0.009   -0.672
-0.002   0.968
-0.041   -1.409
-0.03   -0.142
-0.019   -0.679
-0.033   0.506
0.013   -0.593
0.021   -1.035
0.053   -0.989
-0.038   -1.497
0.035   0.125
-0.031   -0.186
-0.014   -1.032
0.012   -0.867
0.047   1.268
0.006   -1.792
-0.013   -1.651
0.013   -0.333
-0.006   1.048
0.004   0.479
